doc_id,f_01_past_tense,f_02_perfect_aspect,f_03_present_tense,f_04_place_adverbials,f_05_time_adverbials,f_06_first_person_pronouns,f_07_second_person_pronouns,f_08_third_person_pronouns,f_09_pronoun_it,f_10_demonstrative_pronoun,f_11_indefinite_pronouns,f_12_proverb_do,f_13_wh_question,f_14_nominalizations,f_15_gerunds,f_16_other_nouns,f_17_agentless_passives,f_18_by_passives,f_19_be_main_verb,f_20_existential_there,f_21_that_verb_comp,f_22_that_adj_comp,f_23_wh_clause,f_24_infinitives,f_25_present_participle,f_26_past_participle,f_27_past_participle_whiz,f_28_present_participle_whiz,f_29_that_subj,f_30_that_obj,f_31_wh_subj,f_32_wh_obj,f_33_pied_piping,f_34_sentence_relatives,f_35_because,f_36_though,f_37_if,f_38_other_adv_sub,f_39_prepositions,f_40_adj_attr,f_41_adj_pred,f_42_adverbs,f_43_type_token,f_44_mean_word_length,f_45_conjuncts,f_46_downtoners,f_47_hedges,f_48_amplifiers,f_49_emphatics,f_50_discourse_particles,f_51_demonstratives,f_52_modal_possibility,f_53_modal_necessity,f_54_modal_predictive,f_55_verb_public,f_56_verb_private,f_57_verb_suasive,f_58_verb_seem,f_59_contractions,f_60_that_deletion,f_61_stranded_preposition,f_62_split_infinitive,f_63_split_auxiliary,f_64_phrasal_coordination,f_65_clausal_coordination,f_66_neg_synthetic,f_67_neg_analytic
100555,57.07196029776674,17.3697270471464,2.4813895781637716,2.4813895781637716,12.40694789081886,86.848635235732,9.925558312655086,39.702233250620345,0.0,0.0,0.0,2.4813895781637716,9.925558312655086,24.81389578163772,0.0,193.54838709677418,9.925558312655086,0.0,17.3697270471464,0.0,0.0,0.0,0.0,24.81389578163772,9.925558312655086,2.4813895781637716,0.0,0.0,7.444168734491315,0.0,0.0,0.0,0.0,0.0,0.0,0.0,2.4813895781637716,2.4813895781637716,96.77419354838709,32.25806451612903,2.4813895781637716,62.03473945409429,0.4739454094292804,4.441687344913151,0.0,4.962779156327543,0.0,2.4813895781637716,4.962779156327543,0.0,0.0,4.962779156327543,0.0,17.3697270471464,4.962779156327543,17.3697270471464,2.4813895781637716,2.4813895781637716,0.0,0.0,0.0,0.0,2.4813895781637716,9.925558312655086,17.3697270471464,2.4813895781637716,22.332506203473944
10073,102.4390243902439,12.195121951219512,4.878048780487805,2.4390243902439024,0.0,4.878048780487805,0.0,63.41463414634146,14.634146341463415,7.317073170731708,4.878048780487805,2.4390243902439024,21.95121951219512,29.26829268292683,0.0,192.6829268292683,9.75609756097561,0.0,36.58536585365854,2.4390243902439024,14.634146341463415,0.0,0.0,26.829268292682926,4.878048780487805,0.0,4.878048780487805,0.0,4.878048780487805,0.0,2.4390243902439024,0.0,0.0,0.0,0.0,0.0,0.0,9.75609756097561,80.48780487804878,56.09756097560976,9.75609756097561,39.02439024390244,0.49754901960784315,4.629901960784314,0.0,2.4390243902439024,0.0,2.4390243902439024,7.317073170731708,0.0,2.4390243902439024,9.75609756097561,0.0,19.51219512195122,2.4390243902439024,36.58536585365854,2.4390243902439024,2.4390243902439024,2.4390243902439024,0.0,0.0,0.0,7.317073170731708,9.75609756097561,24.390243902439025,0.0,4.878048780487805
101128,87.37864077669903,4.854368932038835,2.4271844660194173,12.135922330097086,0.0,2.4271844660194173,9.70873786407767,36.40776699029126,12.135922330097086,2.4271844660194173,2.4271844660194173,0.0,4.854368932038835,12.135922330097086,0.0,237.8640776699029,7.281553398058253,2.4271844660194173,21.844660194174757,2.4271844660194173,2.4271844660194173,0.0,0.0,29.12621359223301,4.854368932038835,0.0,0.0,0.0,2.4271844660194173,0.0,0.0,0.0,0.0,0.0,0.0,0.0,0.0,16.990291262135923,104.36893203883494,38.83495145631068,2.4271844660194173,36.40776699029126,0.49504950495049505,4.371287128712871,0.0,0.0,0.0,0.0,7.281553398058253,0.0,2.4271844660194173,4.854368932038835,0.0,7.281553398058253,9.70873786407767,4.854368932038835,4.854368932038835,4.854368932038835,0.0,0.0,0.0,0.0,0.0,7.281553398058253,16.990291262135923,2.4271844660194173,0.0
101891,65.06024096385542,4.819277108433735,0.0,2.4096385542168677,4.819277108433735,101.20481927710844,0.0,4.819277108433735,7.228915662650603,0.0,4.819277108433735,0.0,21.686746987951807,21.686746987951807,7.228915662650603,183.13253012048193,2.4096385542168677,0.0,26.50602409638554,0.0,2.4096385542168677,2.4096385542168677,2.4096385542168677,26.50602409638554,4.819277108433735,0.0,2.4096385542168677,0.0,4.819277108433735,0.0,0.0,0.0,0.0,0.0,0.0,0.0,2.4096385542168677,14.457831325301205,98.79518072289156,40.96385542168675,12.048192771084338,69.87951807228916,0.49514563106796117,4.305825242718447,2.4096385542168677,0.0,0.0,0.0,9.63855421686747,0.0,0.0,14.457831325301205,0.0,24.096385542168676,2.4096385542168677,28.91566265060241,2.4096385542168677,2.4096385542168677,7.228915662650603,0.0,0.0,0.0,4.819277108433735,9.63855421686747,19.27710843373494,0.0,7.228915662650603
103449,56.372549019607845,2.450980392156863,2.450980392156863,7.352941176470588,0.0,75.98039215686273,7.352941176470588,0.0,14.705882352941176,0.0,7.352941176470588,0.0,12.254901960784313,53.92156862745098,0.0,137.25490196078434,2.450980392156863,0.0,14.705882352941176,0.0,4.901960784313726,0.0,0.0,31.862745098039213,7.352941176470588,2.450980392156863,2.450980392156863,0.0,7.352941176470588,0.0,0.0,0.0,0.0,0.0,0.0,0.0,0.0,14.705882352941176,100.49019607843138,36.76470588235294,14.705882352941176,63.725490196078425,0.4888888888888889,4.533333333333333,7.352941176470588,2.450980392156863,0.0,0.0,9.803921568627452,0.0,2.450980392156863,12.254901960784313,0.0,26.96078431372549,0.0,24.509803921568626,0.0,9.803921568627452,4.901960784313726,0.0,0.0,0.0,7.352941176470588,31.862745098039213,22.058823529411764,0.0,7.352941176470588
106193,67.1462829736211,9.592326139088728,31.17505995203837,2.398081534772182,0.0,95.92326139088729,0.0,9.592326139088728,4.796163069544364,7.194244604316547,4.796163069544364,0.0,19.184652278177456,9.592326139088728,2.398081534772182,220.62350119904076,14.388489208633095,0.0,33.57314148681055,0.0,0.0,0.0,0.0,23.980815347721823,0.0,4.796163069544364,2.398081534772182,0.0,9.592326139088728,0.0,4.796163069544364,0.0,0.0,0.0,0.0,0.0,2.398081534772182,4.796163069544364,117.50599520383693,35.97122302158273,7.194244604316547,26.378896882494004,0.4854368932038835,3.8689320388349513,0.0,2.398081534772182,0.0,0.0,0.0,0.0,0.0,2.398081534772182,0.0,2.398081534772182,0.0,19.184652278177456,2.398081534772182,0.0,7.194244604316547,0.0,0.0,0.0,0.0,9.592326139088728,19.184652278177456,0.0,9.592326139088728
106710,106.17283950617285,2.4691358024691357,32.098765432098766,7.407407407407407,2.4691358024691357,32.098765432098766,2.4691358024691357,76.54320987654322,7.407407407407407,2.4691358024691357,0.0,2.4691358024691357,2.4691358024691357,4.938271604938271,2.4691358024691357,182.71604938271605,0.0,0.0,14.814814814814815,0.0,0.0,0.0,0.0,22.22222222222222,14.814814814814815,0.0,0.0,0.0,0.0,0.0,0.0,0.0,0.0,0.0,0.0,0.0,0.0,12.345679012345679,86.41975308641975,44.44444444444444,0.0,49.382716049382715,0.4696969696969697,4.133838383838384,0.0,0.0,0.0,0.0,4.938271604938271,0.0,2.4691358024691357,0.0,0.0,0.0,19.753086419753085,7.407407407407407,2.4691358024691357,0.0,19.753086419753085,0.0,0.0,0.0,0.0,17.28395061728395,4.938271604938271,0.0,0.0
106841,87.59124087591242,29.197080291970803,14.598540145985401,2.4330900243309004,2.4330900243309004,46.228710462287104,0.0,21.897810218978105,17.0316301703163,0.0,0.0,2.4330900243309004,19.464720194647203,41.3625304136253,9.732360097323602,218.97810218978103,4.866180048661801,0.0,7.299270072992701,0.0,7.299270072992701,0.0,0.0,14.598540145985401,7.299270072992701,0.0,2.4330900243309004,0.0,0.0,0.0,7.299270072992701,0.0,0.0,0.0,0.0,0.0,2.4330900243309004,17.0316301703163,97.32360097323601,41.3625304136253,2.4330900243309004,46.228710462287104,0.5773955773955773,4.88943488943489,0.0,2.4330900243309004,0.0,0.0,2.4330900243309004,0.0,0.0,2.4330900243309004,0.0,4.866180048661801,2.4330900243309004,21.897810218978105,4.866180048661801,2.4330900243309004,2.4330900243309004,2.4330900243309004,0.0,0.0,2.4330900243309004,21.897810218978105,19.464720194647203,0.0,4.866180048661801
107113,93.59605911330048,9.852216748768473,0.0,9.852216748768473,14.778325123152708,73.89162561576356,0.0,34.48275862068965,17.241379310344826,0.0,2.4630541871921183,0.0,14.778325123152708,7.389162561576354,0.0,238.91625615763547,4.926108374384237,0.0,17.241379310344826,2.4630541871921183,0.0,0.0,0.0,7.389162561576354,17.241379310344826,0.0,0.0,0.0,4.926108374384237,0.0,2.4630541871921183,0.0,0.0,0.0,0.0,0.0,2.4630541871921183,12.315270935960593,118.22660098522167,36.94581280788178,2.4630541871921183,46.79802955665024,0.5209876543209877,4.283950617283951,0.0,7.389162561576354,0.0,0.0,2.4630541871921183,0.0,4.926108374384237,0.0,0.0,0.0,0.0,27.093596059113302,0.0,0.0,0.0,7.389162561576354,0.0,0.0,7.389162561576354,27.093596059113302,14.778325123152708,4.926108374384237,0.0
10897,107.3170731707317,12.195121951219512,41.463414634146346,4.878048780487805,4.878048780487805,97.5609756097561,24.390243902439025,24.390243902439025,19.51219512195122,4.878048780487805,7.317073170731708,2.4390243902439024,21.95121951219512,9.75609756097561,4.878048780487805,192.6829268292683,12.195121951219512,0.0,34.146341463414636,2.4390243902439024,0.0,0.0,0.0,12.195121951219512,19.51219512195122,0.0,2.4390243902439024,0.0,2.4390243902439024,0.0,2.4390243902439024,0.0,0.0,0.0,0.0,0.0,0.0,19.51219512195122,80.48780487804878,26.829268292682926,4.878048780487805,34.146341463414636,0.4898989898989899,3.8838383838383836,0.0,4.878048780487805,0.0,0.0,4.878048780487805,0.0,0.0,0.0,2.4390243902439024,0.0,7.317073170731708,29.26829268292683,9.75609756097561,2.4390243902439024,31.70731707317073,0.0,2.4390243902439024,0.0,2.4390243902439024,7.317073170731708,19.51219512195122,0.0,7.317073170731708
109135,108.37438423645321,14.778325123152708,19.704433497536947,0.0,0.0,91.13300492610837,0.0,14.778325123152708,9.852216748768473,2.4630541871921183,0.0,2.4630541871921183,14.778325123152708,12.315270935960593,2.4630541871921183,184.72906403940885,0.0,4.926108374384237,22.167487684729064,2.4630541871921183,7.389162561576354,0.0,0.0,17.241379310344826,4.926108374384237,2.4630541871921183,0.0,0.0,0.0,2.4630541871921183,2.4630541871921183,0.0,0.0,2.4630541871921183,0.0,0.0,0.0,9.852216748768473,86.20689655172414,49.26108374384237,4.926108374384237,59.11330049261083,0.5368956743002544,4.3842239185750635,4.926108374384237,0.0,0.0,0.0,12.315270935960593,0.0,2.4630541871921183,0.0,0.0,2.4630541871921183,14.778325123152708,27.093596059113302,4.926108374384237,2.4630541871921183,24.630541871921185,0.0,2.4630541871921183,0.0,4.926108374384237,9.852216748768473,17.241379310344826,2.4630541871921183,9.852216748768473
109240,99.75062344139651,19.950124688279303,0.0,14.962593516209475,0.0,94.76309226932668,0.0,9.975062344139651,29.92518703241895,0.0,7.481296758104738,0.0,17.456359102244388,17.456359102244388,2.493765586034913,194.51371571072318,0.0,0.0,27.43142144638404,0.0,0.0,0.0,4.987531172069826,9.975062344139651,19.950124688279303,0.0,0.0,0.0,2.493765586034913,2.493765586034913,0.0,0.0,0.0,0.0,0.0,0.0,2.493765586034913,9.975062344139651,114.713216957606,22.443890274314214,4.987531172069826,42.394014962593516,0.46329113924050636,4.040506329113924,2.493765586034913,0.0,0.0,0.0,0.0,0.0,2.493765586034913,22.443890274314214,2.493765586034913,0.0,0.0,32.418952618453865,4.987531172069826,2.493765586034913,9.975062344139651,2.493765586034913,0.0,0.0,0.0,7.481296758104738,19.950124688279303,0.0,12.468827930174564
109519,79.13669064748201,23.980815347721823,0.0,2.398081534772182,2.398081534772182,0.0,0.0,105.51558752997602,2.398081534772182,0.0,0.0,0.0,9.592326139088728,11.990407673860911,2.398081534772182,225.4196642685851,9.592326139088728,0.0,7.194244604316547,0.0,2.398081534772182,0.0,0.0,19.184652278177456,2.398081534772182,0.0,0.0,0.0,2.398081534772182,0.0,2.398081534772182,0.0,0.0,0.0,0.0,0.0,0.0,4.796163069544364,136.6906474820144,55.15587529976019,7.194244604316547,31.17505995203837,0.5299760191846523,4.510791366906475,0.0,2.398081534772182,0.0,0.0,0.0,0.0,7.194244604316547,0.0,0.0,2.398081534772182,0.0,14.388489208633095,0.0,4.796163069544364,0.0,0.0,0.0,0.0,2.398081534772182,11.990407673860911,19.184652278177456,2.398081534772182,0.0
111401,103.86473429951691,2.4154589371980677,2.4154589371980677,4.830917874396135,0.0,118.35748792270532,0.0,0.0,16.908212560386474,0.0,0.0,0.0,12.077294685990339,9.66183574879227,2.4154589371980677,171.49758454106282,9.66183574879227,0.0,26.570048309178745,0.0,2.4154589371980677,0.0,4.830917874396135,31.40096618357488,2.4154589371980677,0.0,0.0,0.0,0.0,0.0,0.0,0.0,0.0,0.0,0.0,0.0,0.0,24.154589371980677,82.1256038647343,38.64734299516908,2.4154589371980677,77.29468599033817,0.4889975550122249,4.166259168704157,0.0,0.0,0.0,2.4154589371980677,12.077294685990339,0.0,4.830917874396135,14.492753623188406,0.0,16.908212560386474,0.0,24.154589371980677,0.0,0.0,9.66183574879227,2.4154589371980677,0.0,0.0,2.4154589371980677,14.492753623188406,21.73913043478261,0.0,12.077294685990339
112311,73.52941176470588,31.862745098039213,0.0,2.450980392156863,0.0,0.0,0.0,36.76470588235294,2.450980392156863,0.0,0.0,0.0,17.156862745098042,26.96078431372549,2.450980392156863,284.3137254901961,0.0,0.0,17.156862745098042,2.450980392156863,2.450980392156863,0.0,0.0,17.156862745098042,17.156862745098042,0.0,0.0,0.0,4.901960784313726,0.0,2.450980392156863,0.0,0.0,0.0,0.0,0.0,0.0,4.901960784313726,112.74509803921569,63.725490196078425,2.450980392156863,34.313725490196084,0.5260545905707196,5.20347394540943,0.0,0.0,0.0,0.0,7.352941176470588,0.0,0.0,4.901960784313726,0.0,0.0,7.352941176470588,26.96078431372549,4.901960784313726,2.450980392156863,0.0,0.0,0.0,2.450980392156863,9.803921568627452,41.666666666666664,9.803921568627452,0.0,0.0
112422,117.93611793611794,0.0,9.828009828009828,12.285012285012284,0.0,83.53808353808354,0.0,29.484029484029485,7.371007371007371,0.0,7.371007371007371,0.0,12.285012285012284,9.828009828009828,4.914004914004914,174.44717444717443,7.371007371007371,4.914004914004914,29.484029484029485,2.457002457002457,2.457002457002457,0.0,0.0,17.1990171990172,17.1990171990172,0.0,0.0,2.457002457002457,0.0,0.0,0.0,0.0,0.0,0.0,0.0,0.0,0.0,17.1990171990172,105.65110565110565,12.285012285012284,7.371007371007371,61.42506142506143,0.49627791563275436,4.176178660049628,0.0,0.0,2.457002457002457,0.0,14.742014742014742,0.0,0.0,0.0,0.0,2.457002457002457,4.914004914004914,24.570024570024568,4.914004914004914,0.0,7.371007371007371,0.0,0.0,0.0,0.0,17.1990171990172,31.94103194103194,7.371007371007371,4.914004914004914
113329,117.78846153846153,0.0,21.634615384615383,0.0,0.0,112.98076923076923,12.01923076923077,55.28846153846153,14.423076923076923,7.211538461538462,0.0,0.0,24.03846153846154,7.211538461538462,2.403846153846154,115.38461538461539,0.0,0.0,45.67307692307692,0.0,4.807692307692308,0.0,2.403846153846154,9.615384615384617,16.826923076923077,2.403846153846154,2.403846153846154,0.0,4.807692307692308,2.403846153846154,2.403846153846154,0.0,0.0,0.0,0.0,2.403846153846154,0.0,14.423076923076923,100.96153846153847,45.67307692307692,19.230769230769234,52.88461538461539,0.4211822660098522,3.854679802955665,2.403846153846154,4.807692307692308,0.0,2.403846153846154,9.615384615384617,0.0,2.403846153846154,9.615384615384617,0.0,0.0,7.211538461538462,43.26923076923077,4.807692307692308,0.0,19.230769230769234,2.403846153846154,0.0,0.0,2.403846153846154,2.403846153846154,21.634615384615383,0.0,4.807692307692308
113632,88.45208845208845,7.371007371007371,19.656019656019655,7.371007371007371,0.0,58.96805896805897,0.0,29.484029484029485,12.285012285012284,2.457002457002457,2.457002457002457,0.0,12.285012285012284,9.828009828009828,7.371007371007371,203.93120393120392,7.371007371007371,2.457002457002457,19.656019656019655,0.0,2.457002457002457,0.0,0.0,22.11302211302211,2.457002457002457,2.457002457002457,0.0,4.914004914004914,9.828009828009828,2.457002457002457,0.0,0.0,0.0,0.0,0.0,0.0,4.914004914004914,7.371007371007371,115.47911547911548,46.68304668304668,9.828009828009828,34.3980343980344,0.5211970074812967,4.3740648379052365,4.914004914004914,0.0,0.0,0.0,2.457002457002457,0.0,0.0,0.0,0.0,0.0,2.457002457002457,12.285012285012284,2.457002457002457,7.371007371007371,7.371007371007371,0.0,0.0,0.0,0.0,19.656019656019655,12.285012285012284,0.0,0.0
117222,79.51807228915662,16.867469879518072,0.0,4.819277108433735,2.4096385542168677,0.0,0.0,74.6987951807229,0.0,0.0,0.0,0.0,2.4096385542168677,16.867469879518072,4.819277108433735,277.10843373493975,2.4096385542168677,0.0,4.819277108433735,0.0,0.0,0.0,0.0,9.63855421686747,12.048192771084338,2.4096385542168677,2.4096385542168677,2.4096385542168677,0.0,0.0,2.4096385542168677,0.0,0.0,0.0,0.0,0.0,0.0,9.63855421686747,130.12048192771084,69.87951807228916,2.4096385542168677,26.50602409638554,0.5328467153284672,4.664233576642336,0.0,0.0,0.0,2.4096385542168677,0.0,0.0,0.0,0.0,0.0,0.0,0.0,7.228915662650603,2.4096385542168677,0.0,0.0,0.0,0.0,0.0,0.0,16.867469879518072,12.048192771084338,0.0,0.0
117710,107.84313725490196,2.450980392156863,9.803921568627452,2.450980392156863,0.0,93.13725490196079,4.901960784313726,9.803921568627452,29.41176470588235,4.901960784313726,2.450980392156863,0.0,22.058823529411764,24.509803921568626,0.0,144.60784313725492,2.450980392156863,0.0,39.21568627450981,2.450980392156863,2.450980392156863,2.450980392156863,0.0,34.313725490196084,0.0,0.0,0.0,0.0,7.352941176470588,0.0,0.0,0.0,2.450980392156863,0.0,0.0,0.0,4.901960784313726,12.254901960784313,83.33333333333333,41.666666666666664,12.254901960784313,63.725490196078425,0.5,3.97,2.450980392156863,2.450980392156863,9.803921568627452,2.450980392156863,12.254901960784313,0.0,12.254901960784313,9.803921568627452,0.0,2.450980392156863,2.450980392156863,36.76470588235294,2.450980392156863,0.0,14.705882352941176,2.450980392156863,0.0,0.0,2.450980392156863,0.0,14.705882352941176,4.901960784313726,12.254901960784313
118256,84.30913348946136,7.02576112412178,0.0,2.34192037470726,0.0,0.0,0.0,103.04449648711945,7.02576112412178,0.0,7.02576112412178,0.0,14.05152224824356,21.07728337236534,7.02576112412178,166.27634660421543,0.0,0.0,16.393442622950822,2.34192037470726,7.02576112412178,0.0,0.0,21.07728337236534,7.02576112412178,0.0,0.0,0.0,4.68384074941452,2.34192037470726,7.02576112412178,0.0,0.0,0.0,4.68384074941452,0.0,0.0,18.73536299765808,112.41217798594847,58.5480093676815,9.36768149882904,49.18032786885246,0.5120192307692307,4.427884615384615,4.68384074941452,0.0,0.0,0.0,9.36768149882904,0.0,7.02576112412178,9.36768149882904,0.0,23.4192037470726,2.34192037470726,37.47072599531616,2.34192037470726,0.0,25.76112412177986,2.34192037470726,2.34192037470726,0.0,2.34192037470726,4.68384074941452,18.73536299765808,0.0,7.02576112412178
119957,103.86473429951691,12.077294685990339,38.64734299516908,7.246376811594203,2.4154589371980677,12.077294685990339,4.830917874396135,72.46376811594203,19.32367149758454,7.246376811594203,2.4154589371980677,2.4154589371980677,19.32367149758454,12.077294685990339,7.246376811594203,217.3913043478261,2.4154589371980677,2.4154589371980677,33.81642512077295,0.0,0.0,0.0,0.0,21.73913043478261,4.830917874396135,0.0,0.0,0.0,2.4154589371980677,0.0,0.0,0.0,0.0,0.0,0.0,0.0,0.0,7.246376811594203,77.29468599033817,33.81642512077295,9.66183574879227,48.309178743961354,0.5359801488833746,4.389578163771712,0.0,0.0,0.0,0.0,7.246376811594203,0.0,4.830917874396135,0.0,0.0,2.4154589371980677,12.077294685990339,16.908212560386474,7.246376811594203,0.0,14.492753623188406,0.0,4.830917874396135,0.0,2.4154589371980677,12.077294685990339,28.985507246376812,0.0,4.830917874396135
124317,90.69767441860466,20.930232558139533,32.55813953488372,0.0,4.651162790697675,109.30232558139535,0.0,44.18604651162791,23.25581395348837,2.3255813953488373,2.3255813953488373,6.976744186046512,13.953488372093023,11.627906976744185,2.3255813953488373,116.27906976744185,6.976744186046512,2.3255813953488373,55.81395348837209,0.0,2.3255813953488373,0.0,0.0,23.25581395348837,2.3255813953488373,2.3255813953488373,0.0,0.0,2.3255813953488373,0.0,0.0,0.0,0.0,0.0,0.0,0.0,9.30232558139535,6.976744186046512,74.4186046511628,20.930232558139533,13.953488372093023,97.67441860465117,0.4852941176470588,3.7254901960784315,0.0,2.3255813953488373,0.0,0.0,11.627906976744185,0.0,2.3255813953488373,0.0,0.0,18.6046511627907,2.3255813953488373,27.906976744186046,4.651162790697675,4.651162790697675,39.53488372093023,4.651162790697675,0.0,0.0,2.3255813953488373,2.3255813953488373,37.2093023255814,2.3255813953488373,9.30232558139535
126845,90.24390243902438,9.75609756097561,0.0,2.4390243902439024,4.878048780487805,0.0,0.0,82.92682926829269,7.317073170731708,0.0,7.317073170731708,0.0,9.75609756097561,17.073170731707318,2.4390243902439024,268.2926829268293,7.317073170731708,2.4390243902439024,4.878048780487805,0.0,0.0,0.0,0.0,19.51219512195122,0.0,2.4390243902439024,4.878048780487805,0.0,2.4390243902439024,0.0,7.317073170731708,0.0,0.0,0.0,0.0,0.0,0.0,4.878048780487805,119.51219512195121,21.95121951219512,2.4390243902439024,17.073170731707318,0.49624060150375937,4.761904761904762,2.4390243902439024,0.0,0.0,0.0,9.75609756097561,0.0,0.0,0.0,0.0,2.4390243902439024,0.0,7.317073170731708,7.317073170731708,0.0,0.0,2.4390243902439024,0.0,0.0,2.4390243902439024,17.073170731707318,14.634146341463415,0.0,0.0
127140,92.6829268292683,12.195121951219512,0.0,4.878048780487805,2.4390243902439024,85.3658536585366,0.0,9.75609756097561,21.95121951219512,4.878048780487805,7.317073170731708,4.878048780487805,29.26829268292683,9.75609756097561,2.4390243902439024,163.41463414634146,4.878048780487805,0.0,19.51219512195122,0.0,4.878048780487805,0.0,0.0,43.90243902439024,12.195121951219512,4.878048780487805,0.0,2.4390243902439024,2.4390243902439024,0.0,4.878048780487805,0.0,0.0,0.0,0.0,0.0,0.0,12.195121951219512,82.92682926829269,34.146341463414636,7.317073170731708,80.48780487804878,0.5111111111111111,4.019753086419753,2.4390243902439024,0.0,2.4390243902439024,0.0,7.317073170731708,0.0,0.0,12.195121951219512,0.0,2.4390243902439024,0.0,31.70731707317073,0.0,0.0,12.195121951219512,0.0,4.878048780487805,0.0,0.0,7.317073170731708,14.634146341463415,0.0,14.634146341463415
128031,76.54320987654322,4.938271604938271,29.62962962962963,0.0,12.345679012345679,37.03703703703704,14.814814814814815,37.03703703703704,7.407407407407407,0.0,0.0,0.0,2.4691358024691357,12.345679012345679,4.938271604938271,204.93827160493828,2.4691358024691357,0.0,22.22222222222222,0.0,0.0,0.0,0.0,39.50617283950617,2.4691358024691357,0.0,0.0,0.0,2.4691358024691357,0.0,0.0,0.0,0.0,0.0,0.0,2.4691358024691357,0.0,12.345679012345679,86.41975308641975,27.160493827160494,12.345679012345679,88.88888888888889,0.5408163265306123,4.237244897959184,0.0,2.4691358024691357,4.938271604938271,0.0,17.28395061728395,0.0,2.4691358024691357,7.407407407407407,0.0,9.876543209876543,9.876543209876543,12.345679012345679,2.4691358024691357,2.4691358024691357,24.691358024691358,2.4691358024691357,0.0,0.0,7.407407407407407,4.938271604938271,9.876543209876543,0.0,4.938271604938271
128913,94.5273631840796,9.950248756218905,0.0,0.0,7.462686567164179,94.5273631840796,0.0,4.975124378109452,22.388059701492537,0.0,7.462686567164179,0.0,19.90049751243781,32.33830845771144,2.487562189054726,146.76616915422886,2.487562189054726,0.0,34.82587064676617,2.487562189054726,2.487562189054726,0.0,0.0,24.875621890547265,7.462686567164179,0.0,0.0,2.487562189054726,4.975124378109452,0.0,2.487562189054726,0.0,0.0,0.0,0.0,0.0,4.975124378109452,14.925373134328359,84.5771144278607,39.80099502487562,7.462686567164179,49.75124378109453,0.47761194029850745,4.278606965174129,2.487562189054726,2.487562189054726,0.0,0.0,4.975124378109452,0.0,0.0,9.950248756218905,0.0,12.437810945273633,0.0,24.875621890547265,4.975124378109452,0.0,0.0,0.0,0.0,0.0,4.975124378109452,17.412935323383085,29.850746268656717,0.0,9.950248756218905
131841,103.44827586206897,14.778325123152708,49.26108374384237,7.389162561576354,0.0,118.22660098522167,32.01970443349754,12.315270935960593,7.389162561576354,2.4630541871921183,12.315270935960593,0.0,41.87192118226601,4.926108374384237,7.389162561576354,150.24630541871923,9.852216748768473,0.0,29.556650246305416,0.0,2.4630541871921183,0.0,7.389162561576354,29.556650246305416,9.852216748768473,0.0,0.0,0.0,4.926108374384237,0.0,0.0,0.0,0.0,2.4630541871921183,0.0,0.0,2.4630541871921183,9.852216748768473,51.724137931034484,27.093596059113302,4.926108374384237,68.9655172413793,0.4793814432989691,3.9716494845360826,7.389162561576354,0.0,0.0,0.0,2.4630541871921183,0.0,0.0,4.926108374384237,0.0,4.926108374384237,4.926108374384237,34.48275862068965,7.389162561576354,7.389162561576354,29.556650246305416,2.4630541871921183,0.0,0.0,0.0,2.4630541871921183,22.167487684729064,14.778325123152708,12.315270935960593
132034,97.25685785536159,9.975062344139651,12.468827930174564,0.0,0.0,72.31920199501248,12.468827930174564,39.900249376558605,4.987531172069826,0.0,2.493765586034913,0.0,17.456359102244388,37.406483790523694,0.0,177.05735660847878,4.987531172069826,2.493765586034913,17.456359102244388,0.0,0.0,0.0,0.0,17.456359102244388,2.493765586034913,0.0,0.0,0.0,4.987531172069826,0.0,0.0,0.0,0.0,0.0,0.0,0.0,4.987531172069826,17.456359102244388,109.72568578553616,39.900249376558605,2.493765586034913,39.900249376558605,0.5228426395939086,4.137055837563452,2.493765586034913,4.987531172069826,4.987531172069826,2.493765586034913,7.481296758104738,0.0,4.987531172069826,7.481296758104738,0.0,2.493765586034913,4.987531172069826,27.43142144638404,9.975062344139651,2.493765586034913,4.987531172069826,2.493765586034913,2.493765586034913,0.0,0.0,14.962593516209475,24.93765586034913,0.0,4.987531172069826
132542,80.09708737864078,21.844660194174757,43.689320388349515,7.281553398058253,2.4271844660194173,77.66990291262135,9.70873786407767,65.53398058252426,2.4271844660194173,4.854368932038835,2.4271844660194173,2.4271844660194173,7.281553398058253,4.854368932038835,0.0,203.88349514563106,0.0,0.0,36.40776699029126,2.4271844660194173,2.4271844660194173,0.0,0.0,19.41747572815534,7.281553398058253,0.0,0.0,0.0,4.854368932038835,0.0,0.0,0.0,0.0,0.0,0.0,0.0,0.0,7.281553398058253,87.37864077669903,41.2621359223301,7.281553398058253,50.970873786407765,0.5355329949238579,4.324873096446701,0.0,2.4271844660194173,0.0,4.854368932038835,2.4271844660194173,0.0,0.0,2.4271844660194173,4.854368932038835,2.4271844660194173,19.41747572815534,19.41747572815534,2.4271844660194173,2.4271844660194173,29.12621359223301,0.0,4.854368932038835,0.0,4.854368932038835,2.4271844660194173,24.271844660194173,0.0,9.70873786407767
134959,0.0,4.545454545454545,102.27272727272728,9.09090909090909,0.0,90.9090909090909,0.0,9.09090909090909,40.90909090909091,0.0,9.09090909090909,4.545454545454545,22.727272727272727,4.545454545454545,2.2727272727272725,177.27272727272728,11.363636363636363,0.0,34.090909090909086,0.0,0.0,0.0,4.545454545454545,20.454545454545453,2.2727272727272725,0.0,0.0,0.0,4.545454545454545,2.2727272727272725,0.0,0.0,0.0,0.0,0.0,0.0,0.0,4.545454545454545,104.54545454545453,15.909090909090908,4.545454545454545,79.54545454545455,0.4606205250596659,3.9379474940334127,0.0,0.0,2.2727272727272725,0.0,27.27272727272727,0.0,4.545454545454545,2.2727272727272725,0.0,9.09090909090909,4.545454545454545,31.818181818181817,0.0,0.0,40.90909090909091,0.0,0.0,0.0,6.8181818181818175,4.545454545454545,31.818181818181817,0.0,4.545454545454545
137722,80.2919708029197,12.165450121654501,17.0316301703163,0.0,0.0,19.464720194647203,0.0,26.7639902676399,12.165450121654501,7.299270072992701,0.0,0.0,9.732360097323602,53.5279805352798,2.4330900243309004,199.5133819951338,12.165450121654501,2.4330900243309004,14.598540145985401,0.0,0.0,0.0,0.0,26.7639902676399,9.732360097323602,2.4330900243309004,0.0,0.0,2.4330900243309004,0.0,4.866180048661801,0.0,0.0,0.0,0.0,0.0,0.0,9.732360097323602,111.92214111922141,70.5596107055961,4.866180048661801,38.929440389294406,0.607940446650124,5.062034739454094,2.4330900243309004,2.4330900243309004,0.0,0.0,2.4330900243309004,0.0,4.866180048661801,2.4330900243309004,0.0,2.4330900243309004,2.4330900243309004,12.165450121654501,2.4330900243309004,0.0,7.299270072992701,0.0,0.0,0.0,0.0,7.299270072992701,9.732360097323602,0.0,4.866180048661801
139152,97.01492537313433,9.950248756218905,0.0,2.487562189054726,4.975124378109452,0.0,0.0,27.36318407960199,19.90049751243781,0.0,0.0,0.0,17.412935323383085,19.90049751243781,0.0,271.14427860696514,2.487562189054726,0.0,29.850746268656717,0.0,4.975124378109452,0.0,0.0,24.875621890547265,7.462686567164179,0.0,4.975124378109452,0.0,14.925373134328359,2.487562189054726,0.0,0.0,0.0,0.0,0.0,0.0,0.0,12.437810945273633,106.96517412935323,54.72636815920398,7.462686567164179,39.80099502487562,0.5524296675191815,4.7774936061381075,0.0,0.0,0.0,0.0,0.0,0.0,0.0,0.0,0.0,2.487562189054726,0.0,22.388059701492537,2.487562189054726,0.0,0.0,0.0,0.0,0.0,4.975124378109452,17.412935323383085,17.412935323383085,0.0,0.0
139225,55.961070559610704,7.299270072992701,41.3625304136253,0.0,2.4330900243309004,29.197080291970803,36.4963503649635,46.228710462287104,0.0,14.598540145985401,0.0,2.4330900243309004,12.165450121654501,12.165450121654501,4.866180048661801,226.27737226277372,7.299270072992701,7.299270072992701,36.4963503649635,0.0,4.866180048661801,0.0,0.0,19.464720194647203,7.299270072992701,0.0,0.0,0.0,2.4330900243309004,0.0,2.4330900243309004,0.0,0.0,0.0,0.0,0.0,4.866180048661801,4.866180048661801,87.59124087591242,70.5596107055961,9.732360097323602,46.228710462287104,0.5392405063291139,4.627848101265823,2.4330900243309004,0.0,2.4330900243309004,0.0,7.299270072992701,2.4330900243309004,2.4330900243309004,2.4330900243309004,0.0,9.732360097323602,4.866180048661801,17.0316301703163,2.4330900243309004,4.866180048661801,24.330900243309003,0.0,0.0,0.0,2.4330900243309004,2.4330900243309004,12.165450121654501,0.0,7.299270072992701
140022,87.88598574821853,2.375296912114014,2.375296912114014,0.0,0.0,0.0,11.876484560570072,28.503562945368174,4.750593824228028,4.750593824228028,2.375296912114014,0.0,9.501187648456057,45.13064133016627,0.0,218.52731591448932,9.501187648456057,0.0,14.251781472684087,0.0,0.0,0.0,0.0,28.503562945368174,0.0,2.375296912114014,0.0,0.0,0.0,0.0,7.125890736342043,0.0,0.0,0.0,2.375296912114014,0.0,2.375296912114014,9.501187648456057,104.51306413301663,64.13301662707839,9.501187648456057,59.38242280285035,0.5445783132530121,5.086746987951807,9.501187648456057,2.375296912114014,0.0,0.0,4.750593824228028,0.0,7.125890736342043,7.125890736342043,0.0,2.375296912114014,4.750593824228028,7.125890736342043,0.0,0.0,11.876484560570072,0.0,0.0,0.0,0.0,14.251781472684087,14.251781472684087,7.125890736342043,16.6270783847981
140055,103.44827586206897,9.852216748768473,2.4630541871921183,0.0,0.0,86.20689655172414,0.0,2.4630541871921183,24.630541871921185,7.389162561576354,7.389162561576354,0.0,19.704433497536947,12.315270935960593,12.315270935960593,179.80295566502463,2.4630541871921183,0.0,36.94581280788178,0.0,7.389162561576354,0.0,0.0,32.01970443349754,2.4630541871921183,2.4630541871921183,0.0,0.0,7.389162561576354,2.4630541871921183,0.0,0.0,2.4630541871921183,0.0,0.0,0.0,2.4630541871921183,12.315270935960593,98.52216748768474,41.87192118226601,7.389162561576354,36.94581280788178,0.49370277078085645,4.0982367758186395,2.4630541871921183,0.0,0.0,0.0,4.926108374384237,0.0,4.926108374384237,9.852216748768473,0.0,9.852216748768473,0.0,29.556650246305416,0.0,0.0,9.852216748768473,0.0,2.4630541871921183,0.0,2.4630541871921183,9.852216748768473,17.241379310344826,0.0,7.389162561576354
141563,48.543689320388346,9.70873786407767,55.8252427184466,2.4271844660194173,0.0,126.2135922330097,7.281553398058253,2.4271844660194173,24.271844660194173,2.4271844660194173,21.844660194174757,2.4271844660194173,9.70873786407767,12.135922330097086,4.854368932038835,140.7766990291262,0.0,0.0,33.980582524271846,4.854368932038835,4.854368932038835,2.4271844660194173,2.4271844660194173,31.553398058252426,12.135922330097086,0.0,0.0,0.0,0.0,7.281553398058253,0.0,0.0,0.0,0.0,0.0,0.0,2.4271844660194173,19.41747572815534,82.5242718446602,41.2621359223301,12.135922330097086,48.543689320388346,0.5162907268170426,4.067669172932331,0.0,4.854368932038835,2.4271844660194173,0.0,12.135922330097086,0.0,0.0,16.990291262135923,0.0,14.563106796116505,0.0,33.980582524271846,2.4271844660194173,0.0,31.553398058252426,0.0,0.0,0.0,7.281553398058253,7.281553398058253,21.844660194174757,4.854368932038835,2.4271844660194173
142144,96.15384615384616,4.807692307692308,2.403846153846154,4.807692307692308,2.403846153846154,86.53846153846153,0.0,24.03846153846154,24.03846153846154,0.0,4.807692307692308,2.403846153846154,14.423076923076923,19.230769230769234,4.807692307692308,192.30769230769232,4.807692307692308,4.807692307692308,26.442307692307693,0.0,2.403846153846154,0.0,2.403846153846154,33.65384615384615,2.403846153846154,0.0,0.0,0.0,2.403846153846154,0.0,2.403846153846154,0.0,0.0,0.0,0.0,0.0,2.403846153846154,14.423076923076923,81.73076923076923,40.86538461538461,4.807692307692308,74.51923076923077,0.537712895377129,4.452554744525547,0.0,2.403846153846154,2.403846153846154,2.403846153846154,4.807692307692308,0.0,0.0,12.01923076923077,0.0,9.615384615384617,0.0,26.442307692307693,4.807692307692308,4.807692307692308,4.807692307692308,0.0,0.0,4.807692307692308,12.01923076923077,9.615384615384617,9.615384615384617,0.0,4.807692307692308
142281,113.80145278450362,16.949152542372882,0.0,4.842615012106537,2.4213075060532687,135.59322033898306,0.0,7.263922518159807,7.263922518159807,7.263922518159807,9.685230024213075,0.0,7.263922518159807,24.213075060532688,2.4213075060532687,145.27845036319613,2.4213075060532687,0.0,9.685230024213075,0.0,9.685230024213075,0.0,4.842615012106537,38.7409200968523,14.527845036319613,0.0,0.0,0.0,0.0,0.0,0.0,0.0,0.0,0.0,0.0,0.0,0.0,19.37046004842615,89.58837772397095,24.213075060532688,4.842615012106537,62.953995157384995,0.5,4.078431372549019,0.0,0.0,2.4213075060532687,2.4213075060532687,4.842615012106537,0.0,2.4213075060532687,7.263922518159807,2.4213075060532687,2.4213075060532687,0.0,41.16222760290557,0.0,7.263922518159807,9.685230024213075,0.0,2.4213075060532687,0.0,7.263922518159807,14.527845036319613,31.476997578692497,0.0,9.685230024213075
142377,95.82309582309583,0.0,27.027027027027028,14.742014742014742,4.914004914004914,110.56511056511056,7.371007371007371,44.22604422604422,7.371007371007371,4.914004914004914,7.371007371007371,0.0,9.828009828009828,9.828009828009828,0.0,140.04914004914005,0.0,0.0,31.94103194103194,0.0,0.0,0.0,0.0,39.31203931203931,17.1990171990172,0.0,0.0,4.914004914004914,7.371007371007371,0.0,0.0,0.0,0.0,0.0,0.0,2.457002457002457,0.0,9.828009828009828,81.08108108108108,36.85503685503686,9.828009828009828,68.7960687960688,0.47848101265822784,4.0050632911392405,0.0,9.828009828009828,0.0,0.0,4.914004914004914,0.0,2.457002457002457,7.371007371007371,0.0,9.828009828009828,14.742014742014742,22.11302211302211,2.457002457002457,2.457002457002457,29.484029484029485,2.457002457002457,0.0,0.0,0.0,0.0,14.742014742014742,0.0,7.371007371007371
144108,122.85012285012286,19.656019656019655,0.0,7.371007371007371,0.0,0.0,2.457002457002457,34.3980343980344,4.914004914004914,2.457002457002457,9.828009828009828,2.457002457002457,7.371007371007371,12.285012285012284,2.457002457002457,243.24324324324326,12.285012285012284,0.0,31.94103194103194,2.457002457002457,0.0,2.457002457002457,0.0,12.285012285012284,2.457002457002457,0.0,7.371007371007371,0.0,0.0,0.0,0.0,0.0,0.0,0.0,0.0,0.0,0.0,12.285012285012284,90.9090909090909,29.484029484029485,4.914004914004914,68.7960687960688,0.5229591836734694,4.73469387755102,2.457002457002457,2.457002457002457,0.0,4.914004914004914,4.914004914004914,0.0,2.457002457002457,0.0,0.0,0.0,0.0,0.0,4.914004914004914,2.457002457002457,0.0,0.0,0.0,0.0,2.457002457002457,7.371007371007371,27.027027027027028,4.914004914004914,0.0
144924,80.88235294117648,17.156862745098042,2.450980392156863,2.450980392156863,0.0,56.372549019607845,0.0,58.8235294117647,4.901960784313726,0.0,0.0,0.0,17.156862745098042,14.705882352941176,2.450980392156863,210.7843137254902,7.352941176470588,0.0,19.607843137254903,0.0,7.352941176470588,0.0,2.450980392156863,17.156862745098042,14.705882352941176,0.0,2.450980392156863,0.0,7.352941176470588,2.450980392156863,0.0,0.0,0.0,0.0,0.0,0.0,0.0,4.901960784313726,95.58823529411764,51.470588235294116,4.901960784313726,41.666666666666664,0.511166253101737,4.186104218362283,0.0,0.0,0.0,0.0,12.254901960784313,0.0,0.0,9.803921568627452,0.0,7.352941176470588,7.352941176470588,26.96078431372549,2.450980392156863,4.901960784313726,7.352941176470588,0.0,0.0,0.0,7.352941176470588,9.803921568627452,19.607843137254903,0.0,9.803921568627452
146194,73.52941176470588,12.254901960784313,22.058823529411764,2.450980392156863,2.450980392156863,22.058823529411764,4.901960784313726,31.862745098039213,9.803921568627452,2.450980392156863,4.901960784313726,0.0,4.901960784313726,22.058823529411764,2.450980392156863,252.45098039215685,0.0,0.0,36.76470588235294,0.0,0.0,0.0,0.0,12.254901960784313,9.803921568627452,2.450980392156863,4.901960784313726,2.450980392156863,0.0,0.0,0.0,0.0,0.0,0.0,0.0,0.0,0.0,2.450980392156863,102.94117647058823,73.52941176470588,17.156862745098042,31.862745098039213,0.5703517587939698,4.625628140703518,0.0,2.450980392156863,0.0,2.450980392156863,9.803921568627452,0.0,2.450980392156863,4.901960784313726,0.0,2.450980392156863,2.450980392156863,0.0,4.901960784313726,0.0,14.705882352941176,0.0,0.0,0.0,2.450980392156863,7.352941176470588,24.509803921568626,0.0,0.0
147598,110.57692307692307,21.634615384615383,7.211538461538462,9.615384615384617,0.0,122.59615384615384,7.211538461538462,14.423076923076923,16.826923076923077,4.807692307692308,4.807692307692308,2.403846153846154,19.230769230769234,7.211538461538462,0.0,194.71153846153845,4.807692307692308,0.0,12.01923076923077,0.0,4.807692307692308,0.0,2.403846153846154,19.230769230769234,24.03846153846154,2.403846153846154,0.0,2.403846153846154,2.403846153846154,0.0,0.0,0.0,0.0,0.0,0.0,0.0,0.0,19.230769230769234,72.11538461538461,16.826923076923077,9.615384615384617,55.28846153846153,0.5242718446601942,4.303398058252427,0.0,2.403846153846154,0.0,0.0,7.211538461538462,0.0,2.403846153846154,7.211538461538462,0.0,2.403846153846154,2.403846153846154,31.25,2.403846153846154,0.0,7.211538461538462,2.403846153846154,0.0,4.807692307692308,12.01923076923077,2.403846153846154,14.423076923076923,2.403846153846154,4.807692307692308
148569,87.80487804878048,4.878048780487805,31.70731707317073,4.878048780487805,4.878048780487805,85.3658536585366,9.75609756097561,17.073170731707318,7.317073170731708,0.0,2.4390243902439024,0.0,17.073170731707318,12.195121951219512,2.4390243902439024,207.3170731707317,9.75609756097561,0.0,26.829268292682926,0.0,0.0,0.0,0.0,26.829268292682926,9.75609756097561,2.4390243902439024,0.0,0.0,2.4390243902439024,0.0,2.4390243902439024,0.0,0.0,0.0,0.0,0.0,0.0,14.634146341463415,100.0,53.65853658536585,12.195121951219512,48.78048780487805,0.583743842364532,4.177339901477833,0.0,0.0,0.0,0.0,0.0,2.4390243902439024,0.0,4.878048780487805,0.0,0.0,4.878048780487805,12.195121951219512,2.4390243902439024,4.878048780487805,7.317073170731708,2.4390243902439024,0.0,0.0,0.0,17.073170731707318,19.51219512195122,0.0,2.4390243902439024
152103,103.19410319410319,29.484029484029485,4.914004914004914,2.457002457002457,7.371007371007371,100.73710073710073,4.914004914004914,0.0,9.828009828009828,0.0,4.914004914004914,2.457002457002457,24.570024570024568,14.742014742014742,4.914004914004914,149.87714987714986,2.457002457002457,0.0,24.570024570024568,0.0,0.0,0.0,2.457002457002457,34.3980343980344,12.285012285012284,2.457002457002457,0.0,0.0,9.828009828009828,2.457002457002457,2.457002457002457,0.0,0.0,0.0,0.0,0.0,0.0,12.285012285012284,100.73710073710073,36.85503685503686,4.914004914004914,66.33906633906633,0.5214105793450882,3.994962216624685,0.0,0.0,0.0,2.457002457002457,14.742014742014742,0.0,4.914004914004914,0.0,0.0,9.828009828009828,4.914004914004914,24.570024570024568,2.457002457002457,4.914004914004914,24.570024570024568,0.0,2.457002457002457,0.0,9.828009828009828,17.1990171990172,17.1990171990172,0.0,2.457002457002457
152379,108.64197530864197,22.22222222222222,0.0,4.938271604938271,0.0,0.0,0.0,51.85185185185185,7.407407407407407,9.876543209876543,4.938271604938271,2.4691358024691357,34.5679012345679,2.4691358024691357,0.0,214.8148148148148,22.22222222222222,2.4691358024691357,24.691358024691358,0.0,2.4691358024691357,0.0,0.0,27.160493827160494,2.4691358024691357,2.4691358024691357,0.0,0.0,17.28395061728395,0.0,4.938271604938271,0.0,0.0,2.4691358024691357,0.0,0.0,0.0,14.814814814814815,103.7037037037037,56.79012345679013,2.4691358024691357,37.03703703703704,0.5123762376237624,4.74009900990099,4.938271604938271,0.0,2.4691358024691357,2.4691358024691357,0.0,0.0,0.0,0.0,2.4691358024691357,2.4691358024691357,0.0,17.28395061728395,0.0,4.938271604938271,0.0,0.0,2.4691358024691357,0.0,2.4691358024691357,4.938271604938271,7.407407407407407,0.0,4.938271604938271
15421,106.43564356435644,7.425742574257425,0.0,12.376237623762377,0.0,0.0,2.4752475247524752,101.48514851485149,14.85148514851485,0.0,7.425742574257425,2.4752475247524752,7.425742574257425,29.7029702970297,2.4752475247524752,200.49504950495052,4.9504950495049505,0.0,12.376237623762377,0.0,2.4752475247524752,0.0,0.0,12.376237623762377,19.801980198019802,0.0,2.4752475247524752,0.0,2.4752475247524752,0.0,0.0,0.0,0.0,0.0,0.0,0.0,9.900990099009901,4.9504950495049505,116.33663366336634,27.22772277227723,2.4752475247524752,61.88118811881188,0.5367088607594936,4.387341772151899,0.0,2.4752475247524752,0.0,0.0,9.900990099009901,0.0,7.425742574257425,0.0,0.0,7.425742574257425,7.425742574257425,24.752475247524753,0.0,2.4752475247524752,14.85148514851485,0.0,0.0,0.0,0.0,2.4752475247524752,29.7029702970297,0.0,17.32673267326733
155052,86.63366336633663,17.32673267326733,42.07920792079208,2.4752475247524752,2.4752475247524752,91.58415841584159,34.65346534653466,19.801980198019802,14.85148514851485,0.0,2.4752475247524752,0.0,17.32673267326733,2.4752475247524752,2.4752475247524752,198.01980198019803,12.376237623762377,2.4752475247524752,29.7029702970297,0.0,9.900990099009901,0.0,0.0,17.32673267326733,9.900990099009901,0.0,0.0,0.0,2.4752475247524752,2.4752475247524752,2.4752475247524752,0.0,0.0,0.0,0.0,0.0,7.425742574257425,14.85148514851485,86.63366336633663,24.752475247524753,4.9504950495049505,44.554455445544555,0.5487179487179488,3.894871794871795,0.0,2.4752475247524752,2.4752475247524752,0.0,2.4752475247524752,0.0,2.4752475247524752,7.425742574257425,0.0,2.4752475247524752,7.425742574257425,19.801980198019802,0.0,4.9504950495049505,24.752475247524753,2.4752475247524752,0.0,0.0,2.4752475247524752,9.900990099009901,12.376237623762377,2.4752475247524752,4.9504950495049505
15957,114.42786069651741,2.487562189054726,24.875621890547265,4.975124378109452,2.487562189054726,101.99004975124377,19.90049751243781,27.36318407960199,17.412935323383085,2.487562189054726,12.437810945273633,2.487562189054726,12.437810945273633,9.950248756218905,0.0,179.1044776119403,2.487562189054726,0.0,22.388059701492537,0.0,0.0,0.0,0.0,32.33830845771144,7.462686567164179,2.487562189054726,0.0,2.487562189054726,4.975124378109452,0.0,2.487562189054726,0.0,0.0,0.0,0.0,0.0,0.0,4.975124378109452,79.60199004975124,32.33830845771144,4.975124378109452,37.31343283582089,0.5226130653266332,3.891959798994975,0.0,2.487562189054726,0.0,0.0,4.975124378109452,0.0,0.0,4.975124378109452,2.487562189054726,0.0,9.950248756218905,22.388059701492537,0.0,4.975124378109452,9.950248756218905,2.487562189054726,4.975124378109452,0.0,0.0,14.925373134328359,27.36318407960199,7.462686567164179,4.975124378109452
160266,76.37231503579953,16.706443914081145,28.639618138424822,2.3866348448687353,0.0,71.59904534606206,7.159904534606206,40.572792362768496,31.026252983293556,2.3866348448687353,2.3866348448687353,0.0,11.933174224343675,9.546539379474941,2.3866348448687353,171.8377088305489,4.773269689737471,0.0,21.479713603818613,2.3866348448687353,9.546539379474941,0.0,0.0,28.639618138424822,0.0,0.0,0.0,0.0,2.3866348448687353,0.0,2.3866348448687353,0.0,0.0,2.3866348448687353,0.0,0.0,0.0,19.093078758949883,90.69212410501193,33.41288782816229,7.159904534606206,50.11933174224344,0.54,4.35,0.0,0.0,0.0,2.3866348448687353,7.159904534606206,0.0,0.0,0.0,2.3866348448687353,23.86634844868735,7.159904534606206,35.79952267303103,11.933174224343675,9.546539379474941,45.346062052505964,0.0,2.3866348448687353,0.0,14.319809069212411,14.319809069212411,23.86634844868735,0.0,7.159904534606206
164430,78.57142857142857,9.523809523809526,23.809523809523807,4.761904761904763,4.761904761904763,21.428571428571427,0.0,35.714285714285715,19.04761904761905,7.142857142857142,0.0,2.3809523809523814,9.523809523809526,7.142857142857142,4.761904761904763,264.2857142857143,7.142857142857142,0.0,30.952380952380953,0.0,0.0,2.3809523809523814,0.0,35.714285714285715,11.904761904761903,0.0,0.0,0.0,0.0,0.0,2.3809523809523814,0.0,0.0,0.0,0.0,0.0,0.0,9.523809523809526,100.0,30.952380952380953,14.285714285714285,45.238095238095234,0.5084745762711864,4.513317191283293,4.761904761904763,0.0,0.0,0.0,4.761904761904763,0.0,9.523809523809526,0.0,0.0,9.523809523809526,9.523809523809526,9.523809523809526,4.761904761904763,4.761904761904763,9.523809523809526,0.0,0.0,0.0,2.3809523809523814,2.3809523809523814,16.666666666666668,0.0,9.523809523809526
168580,106.69975186104217,4.962779156327543,9.925558312655086,2.4813895781637716,4.962779156327543,114.14392059553349,7.444168734491315,7.444168734491315,14.88833746898263,2.4813895781637716,2.4813895781637716,4.962779156327543,12.40694789081886,9.925558312655086,4.962779156327543,176.17866004962778,17.3697270471464,2.4813895781637716,29.77667493796526,0.0,4.962779156327543,0.0,0.0,7.444168734491315,2.4813895781637716,0.0,0.0,4.962779156327543,0.0,0.0,4.962779156327543,0.0,0.0,2.4813895781637716,0.0,0.0,4.962779156327543,22.332506203473944,96.77419354838709,32.25806451612903,2.4813895781637716,64.51612903225806,0.5127551020408163,3.9489795918367347,2.4813895781637716,4.962779156327543,0.0,0.0,9.925558312655086,0.0,0.0,4.962779156327543,0.0,2.4813895781637716,0.0,17.3697270471464,0.0,0.0,22.332506203473944,2.4813895781637716,0.0,0.0,2.4813895781637716,2.4813895781637716,17.3697270471464,4.962779156327543,12.40694789081886
168998,62.18905472636816,9.950248756218905,37.31343283582089,7.462686567164179,0.0,27.36318407960199,7.462686567164179,44.776119402985074,0.0,4.975124378109452,4.975124378109452,0.0,7.462686567164179,19.90049751243781,0.0,261.19402985074623,7.462686567164179,4.975124378109452,17.412935323383085,0.0,0.0,0.0,0.0,19.90049751243781,9.950248756218905,4.975124378109452,2.487562189054726,0.0,4.975124378109452,0.0,0.0,0.0,0.0,0.0,0.0,0.0,4.975124378109452,9.950248756218905,99.50248756218906,74.62686567164178,4.975124378109452,22.388059701492537,0.5932642487046632,4.746113989637306,0.0,0.0,2.487562189054726,2.487562189054726,2.487562189054726,0.0,2.487562189054726,2.487562189054726,2.487562189054726,0.0,9.950248756218905,22.388059701492537,2.487562189054726,4.975124378109452,9.950248756218905,0.0,2.487562189054726,0.0,2.487562189054726,17.412935323383085,2.487562189054726,2.487562189054726,2.487562189054726
172355,102.94117647058823,7.352941176470588,14.705882352941176,9.803921568627452,0.0,83.33333333333333,9.803921568627452,26.96078431372549,24.509803921568626,0.0,2.450980392156863,0.0,7.352941176470588,12.254901960784313,0.0,200.98039215686276,7.352941176470588,0.0,17.156862745098042,0.0,0.0,0.0,0.0,4.901960784313726,9.803921568627452,0.0,0.0,0.0,0.0,0.0,2.450980392156863,0.0,0.0,0.0,0.0,0.0,2.450980392156863,14.705882352941176,93.13725490196079,78.43137254901961,4.901960784313726,41.666666666666664,0.5396039603960396,4.207920792079208,2.450980392156863,0.0,0.0,0.0,4.901960784313726,0.0,0.0,0.0,0.0,0.0,2.450980392156863,34.313725490196084,0.0,0.0,2.450980392156863,0.0,0.0,0.0,2.450980392156863,7.352941176470588,17.156862745098042,0.0,0.0
177552,101.23456790123457,2.4691358024691357,0.0,9.876543209876543,0.0,83.95061728395062,0.0,2.4691358024691357,7.407407407407407,7.407407407407407,4.938271604938271,0.0,7.407407407407407,19.753086419753085,4.938271604938271,202.46913580246914,4.938271604938271,0.0,14.814814814814815,0.0,0.0,0.0,0.0,29.62962962962963,14.814814814814815,0.0,4.938271604938271,2.4691358024691357,2.4691358024691357,0.0,0.0,0.0,0.0,0.0,0.0,0.0,2.4691358024691357,12.345679012345679,98.76543209876543,51.85185185185185,12.345679012345679,27.160493827160494,0.4962962962962963,4.42716049382716,0.0,2.4691358024691357,0.0,0.0,0.0,0.0,2.4691358024691357,2.4691358024691357,0.0,0.0,0.0,32.098765432098766,0.0,14.814814814814815,0.0,2.4691358024691357,0.0,0.0,0.0,22.22222222222222,14.814814814814815,0.0,2.4691358024691357
177813,96.0591133004926,9.852216748768473,12.315270935960593,12.315270935960593,4.926108374384237,88.66995073891626,0.0,4.926108374384237,32.01970443349754,7.389162561576354,0.0,0.0,22.167487684729064,24.630541871921185,7.389162561576354,194.58128078817734,7.389162561576354,2.4630541871921183,19.704433497536947,0.0,2.4630541871921183,0.0,0.0,7.389162561576354,7.389162561576354,0.0,0.0,7.389162561576354,9.852216748768473,0.0,2.4630541871921183,0.0,0.0,0.0,0.0,0.0,0.0,12.315270935960593,78.81773399014779,54.187192118226605,4.926108374384237,56.65024630541872,0.6070528967254408,4.554156171284634,0.0,2.4630541871921183,0.0,0.0,7.389162561576354,0.0,0.0,7.389162561576354,0.0,2.4630541871921183,9.852216748768473,19.704433497536947,0.0,2.4630541871921183,17.241379310344826,2.4630541871921183,0.0,0.0,0.0,4.926108374384237,19.704433497536947,0.0,12.315270935960593
178469,133.33333333333334,4.938271604938271,14.814814814814815,7.407407407407407,0.0,111.1111111111111,7.407407407407407,29.62962962962963,12.345679012345679,2.4691358024691357,2.4691358024691357,0.0,17.28395061728395,12.345679012345679,0.0,140.74074074074076,12.345679012345679,0.0,46.91358024691358,0.0,2.4691358024691357,0.0,4.938271604938271,19.753086419753085,7.407407407407407,0.0,0.0,4.938271604938271,4.938271604938271,0.0,0.0,0.0,0.0,0.0,0.0,0.0,2.4691358024691357,9.876543209876543,91.35802469135803,19.753086419753085,17.28395061728395,71.60493827160494,0.49748743718592964,3.806532663316583,0.0,0.0,2.4691358024691357,0.0,2.4691358024691357,0.0,2.4691358024691357,2.4691358024691357,0.0,0.0,0.0,34.5679012345679,2.4691358024691357,2.4691358024691357,17.28395061728395,0.0,0.0,0.0,0.0,14.814814814814815,41.97530864197531,0.0,19.753086419753085
178511,104.62287104622871,17.0316301703163,4.866180048661801,2.4330900243309004,4.866180048661801,0.0,2.4330900243309004,97.32360097323601,7.299270072992701,0.0,4.866180048661801,0.0,17.0316301703163,17.0316301703163,2.4330900243309004,197.08029197080293,4.866180048661801,0.0,14.598540145985401,0.0,4.866180048661801,0.0,0.0,7.299270072992701,7.299270072992701,2.4330900243309004,0.0,0.0,2.4330900243309004,2.4330900243309004,0.0,0.0,0.0,0.0,0.0,0.0,2.4330900243309004,17.0316301703163,85.1581508515815,82.7250608272506,2.4330900243309004,63.26034063260341,0.4975124378109453,4.417910447761194,0.0,0.0,0.0,0.0,0.0,0.0,2.4330900243309004,9.732360097323602,0.0,0.0,2.4330900243309004,36.4963503649635,4.866180048661801,2.4330900243309004,7.299270072992701,0.0,0.0,0.0,14.598540145985401,7.299270072992701,21.897810218978105,0.0,7.299270072992701
180645,132.02933985330074,26.89486552567237,0.0,2.444987775061125,0.0,83.12958435207824,0.0,61.12469437652811,9.7799511002445,0.0,2.444987775061125,2.444987775061125,31.78484107579462,2.444987775061125,0.0,178.4841075794621,0.0,0.0,31.78484107579462,0.0,2.444987775061125,0.0,7.334963325183374,7.334963325183374,4.88997555012225,0.0,0.0,2.444987775061125,12.224938875305625,2.444987775061125,0.0,0.0,0.0,0.0,0.0,0.0,0.0,14.669926650366747,80.68459657701712,39.119804400978,4.88997555012225,48.8997555012225,0.48743718592964824,4.123115577889447,0.0,2.444987775061125,0.0,4.88997555012225,9.7799511002445,0.0,7.334963325183374,0.0,0.0,7.334963325183374,4.88997555012225,17.114914425427873,9.7799511002445,4.88997555012225,26.89486552567237,2.444987775061125,0.0,0.0,7.334963325183374,12.224938875305625,14.669926650366747,0.0,2.444987775061125
180716,73.98568019093078,2.3866348448687353,2.3866348448687353,9.546539379474941,0.0,0.0,0.0,59.665871121718375,16.706443914081145,0.0,0.0,0.0,9.546539379474941,9.546539379474941,4.773269689737471,272.07637231503577,2.3866348448687353,2.3866348448687353,9.546539379474941,0.0,0.0,0.0,0.0,14.319809069212411,2.3866348448687353,2.3866348448687353,2.3866348448687353,2.3866348448687353,9.546539379474941,0.0,0.0,0.0,0.0,0.0,0.0,0.0,0.0,14.319809069212411,147.97136038186156,69.21241050119332,4.773269689737471,21.479713603818613,0.5253012048192771,4.32289156626506,0.0,2.3866348448687353,0.0,2.3866348448687353,2.3866348448687353,0.0,0.0,0.0,0.0,2.3866348448687353,0.0,2.3866348448687353,2.3866348448687353,7.159904534606206,0.0,0.0,0.0,0.0,4.773269689737471,4.773269689737471,9.546539379474941,0.0,2.3866348448687353
181469,85.64814814814815,18.51851851851852,4.62962962962963,2.314814814814815,9.25925925925926,0.0,2.314814814814815,94.90740740740742,9.25925925925926,4.62962962962963,11.574074074074073,2.314814814814815,20.833333333333332,13.888888888888888,2.314814814814815,199.07407407407408,2.314814814814815,4.62962962962963,27.777777777777775,6.944444444444444,0.0,0.0,0.0,30.09259259259259,6.944444444444444,0.0,4.62962962962963,0.0,4.62962962962963,0.0,9.25925925925926,0.0,0.0,0.0,0.0,0.0,0.0,0.0,97.22222222222223,43.98148148148148,6.944444444444444,55.55555555555555,0.5,4.402325581395349,4.62962962962963,0.0,0.0,0.0,2.314814814814815,0.0,2.314814814814815,13.888888888888888,0.0,4.62962962962963,0.0,20.833333333333332,2.314814814814815,0.0,2.314814814814815,0.0,0.0,0.0,0.0,16.203703703703702,20.833333333333332,0.0,4.62962962962963
182060,86.41975308641975,12.345679012345679,12.345679012345679,2.4691358024691357,0.0,64.19753086419753,34.5679012345679,32.098765432098766,2.4691358024691357,2.4691358024691357,4.938271604938271,0.0,7.407407407407407,29.62962962962963,4.938271604938271,185.18518518518516,19.753086419753085,2.4691358024691357,12.345679012345679,0.0,2.4691358024691357,0.0,0.0,17.28395061728395,2.4691358024691357,0.0,0.0,0.0,0.0,0.0,0.0,0.0,0.0,0.0,0.0,0.0,0.0,12.345679012345679,111.1111111111111,37.03703703703704,0.0,17.28395061728395,0.5126262626262627,4.234848484848484,12.345679012345679,0.0,0.0,0.0,2.4691358024691357,0.0,0.0,2.4691358024691357,0.0,9.876543209876543,2.4691358024691357,29.62962962962963,0.0,2.4691358024691357,2.4691358024691357,0.0,0.0,0.0,0.0,24.691358024691358,14.814814814814815,7.407407407407407,2.4691358024691357
183466,103.7037037037037,12.345679012345679,0.0,2.4691358024691357,0.0,88.88888888888889,4.938271604938271,22.22222222222222,9.876543209876543,4.938271604938271,4.938271604938271,0.0,19.753086419753085,12.345679012345679,2.4691358024691357,207.4074074074074,2.4691358024691357,0.0,19.753086419753085,0.0,0.0,0.0,0.0,9.876543209876543,9.876543209876543,0.0,7.407407407407407,2.4691358024691357,9.876543209876543,0.0,2.4691358024691357,0.0,0.0,0.0,0.0,0.0,0.0,14.814814814814815,93.82716049382717,69.1358024691358,0.0,29.62962962962963,0.5617128463476071,4.357682619647355,0.0,0.0,0.0,0.0,0.0,0.0,4.938271604938271,12.345679012345679,2.4691358024691357,4.938271604938271,4.938271604938271,19.753086419753085,4.938271604938271,2.4691358024691357,9.876543209876543,0.0,0.0,0.0,2.4691358024691357,24.691358024691358,12.345679012345679,0.0,4.938271604938271
1836,70.90464547677261,4.88997555012225,9.7799511002445,2.444987775061125,0.0,2.444987775061125,0.0,22.004889975550125,14.669926650366747,0.0,4.88997555012225,0.0,9.7799511002445,19.559902200489,2.444987775061125,239.6088019559902,9.7799511002445,2.444987775061125,12.224938875305625,0.0,4.88997555012225,0.0,0.0,26.89486552567237,7.334963325183374,0.0,2.444987775061125,4.88997555012225,9.7799511002445,0.0,0.0,0.0,0.0,0.0,0.0,0.0,0.0,7.334963325183374,107.57946210268948,53.78973105134474,0.0,56.23471882640587,0.5394088669950738,4.443349753694581,0.0,4.88997555012225,0.0,4.88997555012225,12.224938875305625,0.0,7.334963325183374,0.0,0.0,7.334963325183374,4.88997555012225,26.89486552567237,0.0,4.88997555012225,7.334963325183374,2.444987775061125,0.0,0.0,0.0,9.7799511002445,4.88997555012225,0.0,7.334963325183374
1860,102.24438902743142,32.418952618453865,2.493765586034913,4.987531172069826,0.0,79.80049875311721,4.987531172069826,27.43142144638404,2.493765586034913,2.493765586034913,0.0,0.0,19.950124688279303,19.950124688279303,0.0,211.9700748129676,0.0,2.493765586034913,9.975062344139651,4.987531172069826,4.987531172069826,0.0,0.0,2.493765586034913,4.987531172069826,0.0,0.0,0.0,2.493765586034913,0.0,4.987531172069826,0.0,0.0,0.0,0.0,0.0,0.0,14.962593516209475,124.68827930174564,52.36907730673317,0.0,32.418952618453865,0.5137844611528822,4.31077694235589,0.0,0.0,0.0,0.0,4.987531172069826,0.0,2.493765586034913,7.481296758104738,0.0,0.0,2.493765586034913,14.962593516209475,0.0,0.0,2.493765586034913,0.0,0.0,0.0,4.987531172069826,17.456359102244388,17.456359102244388,2.493765586034913,2.493765586034913
189206,97.5609756097561,21.95121951219512,2.4390243902439024,0.0,0.0,92.6829268292683,0.0,41.463414634146346,9.75609756097561,2.4390243902439024,4.878048780487805,0.0,9.75609756097561,19.51219512195122,2.4390243902439024,185.3658536585366,2.4390243902439024,0.0,34.146341463414636,7.317073170731708,4.878048780487805,0.0,0.0,24.390243902439025,14.634146341463415,0.0,0.0,0.0,4.878048780487805,0.0,2.4390243902439024,0.0,0.0,0.0,0.0,0.0,4.878048780487805,9.75609756097561,92.6829268292683,53.65853658536585,4.878048780487805,36.58536585365854,0.5209876543209877,4.335802469135802,0.0,2.4390243902439024,2.4390243902439024,0.0,7.317073170731708,0.0,7.317073170731708,12.195121951219512,0.0,0.0,4.878048780487805,26.829268292682926,4.878048780487805,2.4390243902439024,2.4390243902439024,0.0,2.4390243902439024,0.0,2.4390243902439024,9.75609756097561,14.634146341463415,4.878048780487805,2.4390243902439024
189396,99.75062344139651,14.962593516209475,7.481296758104738,7.481296758104738,0.0,4.987531172069826,2.493765586034913,54.86284289276808,4.987531172069826,2.493765586034913,0.0,0.0,9.975062344139651,27.43142144638404,2.493765586034913,271.82044887780546,2.493765586034913,0.0,22.443890274314214,0.0,2.493765586034913,0.0,0.0,12.468827930174564,12.468827930174564,0.0,0.0,2.493765586034913,2.493765586034913,2.493765586034913,2.493765586034913,0.0,0.0,0.0,0.0,0.0,2.493765586034913,14.962593516209475,84.78802992518703,64.83790523690773,7.481296758104738,27.43142144638404,0.5773195876288659,4.842783505154639,0.0,2.493765586034913,0.0,0.0,4.987531172069826,0.0,2.493765586034913,2.493765586034913,0.0,0.0,2.493765586034913,22.443890274314214,0.0,2.493765586034913,4.987531172069826,2.493765586034913,0.0,0.0,0.0,9.975062344139651,19.950124688279303,0.0,2.493765586034913
189940,61.27450980392157,14.705882352941176,0.0,2.450980392156863,4.901960784313726,0.0,0.0,46.568627450980394,0.0,0.0,0.0,0.0,9.803921568627452,9.803921568627452,0.0,289.21568627450984,12.254901960784313,7.352941176470588,14.705882352941176,0.0,0.0,0.0,0.0,14.705882352941176,4.901960784313726,0.0,2.450980392156863,0.0,0.0,0.0,4.901960784313726,0.0,0.0,0.0,0.0,0.0,0.0,2.450980392156863,137.25490196078434,66.17647058823529,4.901960784313726,49.01960784313725,0.5251256281407035,4.64070351758794,2.450980392156863,4.901960784313726,0.0,0.0,2.450980392156863,0.0,0.0,0.0,0.0,4.901960784313726,2.450980392156863,7.352941176470588,0.0,0.0,0.0,0.0,0.0,2.450980392156863,4.901960784313726,9.803921568627452,9.803921568627452,0.0,2.450980392156863
19175,89.1566265060241,14.457831325301205,9.63855421686747,0.0,4.819277108433735,7.228915662650603,4.819277108433735,62.65060240963856,14.457831325301205,2.4096385542168677,4.819277108433735,0.0,26.50602409638554,7.228915662650603,4.819277108433735,245.7831325301205,7.228915662650603,0.0,31.32530120481928,2.4096385542168677,0.0,0.0,0.0,4.819277108433735,14.457831325301205,2.4096385542168677,0.0,0.0,7.228915662650603,0.0,2.4096385542168677,0.0,0.0,0.0,0.0,0.0,2.4096385542168677,4.819277108433735,106.02409638554217,24.096385542168676,7.228915662650603,31.32530120481928,0.5432098765432098,4.239506172839506,0.0,2.4096385542168677,2.4096385542168677,0.0,2.4096385542168677,0.0,2.4096385542168677,12.048192771084338,0.0,0.0,0.0,14.457831325301205,0.0,0.0,7.228915662650603,0.0,2.4096385542168677,0.0,0.0,14.457831325301205,9.63855421686747,0.0,2.4096385542168677
191997,99.25558312655087,12.40694789081886,2.4813895781637716,0.0,2.4813895781637716,0.0,2.4813895781637716,59.55334987593052,7.444168734491315,0.0,2.4813895781637716,2.4813895781637716,27.29528535980149,17.3697270471464,2.4813895781637716,205.95533498759306,14.88833746898263,0.0,22.332506203473944,0.0,7.444168734491315,0.0,0.0,34.7394540942928,4.962779156327543,0.0,2.4813895781637716,0.0,12.40694789081886,0.0,0.0,0.0,2.4813895781637716,4.962779156327543,0.0,0.0,2.4813895781637716,9.925558312655086,91.81141439205956,71.96029776674938,12.40694789081886,37.220843672456574,0.518796992481203,4.461152882205514,0.0,0.0,0.0,0.0,4.962779156327543,0.0,4.962779156327543,7.444168734491315,0.0,4.962779156327543,0.0,29.77667493796526,9.925558312655086,0.0,0.0,0.0,2.4813895781637716,0.0,4.962779156327543,9.925558312655086,7.444168734491315,0.0,2.4813895781637716
192033,61.42506142506143,2.457002457002457,2.457002457002457,4.914004914004914,2.457002457002457,157.24815724815724,0.0,4.914004914004914,14.742014742014742,0.0,0.0,2.457002457002457,12.285012285012284,12.285012285012284,2.457002457002457,125.30712530712532,4.914004914004914,0.0,14.742014742014742,0.0,0.0,2.457002457002457,2.457002457002457,44.22604422604422,19.656019656019655,0.0,0.0,0.0,0.0,0.0,0.0,0.0,0.0,0.0,0.0,0.0,4.914004914004914,14.742014742014742,68.7960687960688,12.285012285012284,9.828009828009828,41.76904176904177,0.5052631578947369,4.0,0.0,0.0,0.0,0.0,0.0,0.0,2.457002457002457,12.285012285012284,0.0,76.16707616707617,0.0,44.22604422604422,0.0,0.0,66.33906633906633,0.0,2.457002457002457,0.0,2.457002457002457,2.457002457002457,46.68304668304668,0.0,14.742014742014742
193110,87.28179551122194,4.987531172069826,0.0,4.987531172069826,0.0,0.0,0.0,74.81296758104739,7.481296758104738,0.0,4.987531172069826,0.0,17.456359102244388,27.43142144638404,4.987531172069826,226.93266832917706,2.493765586034913,0.0,22.443890274314214,0.0,0.0,0.0,0.0,37.406483790523694,9.975062344139651,0.0,0.0,4.987531172069826,2.493765586034913,2.493765586034913,2.493765586034913,0.0,0.0,2.493765586034913,0.0,0.0,0.0,12.468827930174564,104.73815461346634,42.394014962593516,12.468827930174564,37.406483790523694,0.5858585858585859,4.984848484848484,2.493765586034913,0.0,2.493765586034913,0.0,2.493765586034913,0.0,0.0,17.456359102244388,0.0,0.0,0.0,22.443890274314214,2.493765586034913,0.0,4.987531172069826,0.0,0.0,0.0,4.987531172069826,2.493765586034913,9.975062344139651,0.0,4.987531172069826
194922,92.00968523002422,26.634382566585955,26.634382566585955,4.842615012106537,2.4213075060532687,16.949152542372882,24.213075060532688,82.32445520581113,2.4213075060532687,4.842615012106537,2.4213075060532687,0.0,4.842615012106537,19.37046004842615,4.842615012106537,225.18159806295398,12.106537530266344,2.4213075060532687,31.476997578692497,0.0,4.842615012106537,2.4213075060532687,0.0,24.213075060532688,0.0,0.0,0.0,0.0,4.842615012106537,0.0,0.0,0.0,0.0,0.0,0.0,0.0,0.0,12.106537530266344,94.43099273607749,26.634382566585955,16.949152542372882,33.898305084745765,0.46984924623115576,4.5376884422110555,0.0,0.0,0.0,4.842615012106537,7.263922518159807,0.0,4.842615012106537,9.685230024213075,0.0,7.263922518159807,12.106537530266344,19.37046004842615,7.263922518159807,0.0,24.213075060532688,0.0,0.0,0.0,2.4213075060532687,9.685230024213075,21.791767554479417,0.0,9.685230024213075
196037,127.45098039215685,7.352941176470588,7.352941176470588,17.156862745098042,4.901960784313726,46.568627450980394,7.352941176470588,61.27450980392157,17.156862745098042,4.901960784313726,9.803921568627452,0.0,19.607843137254903,12.254901960784313,7.352941176470588,159.31372549019608,7.352941176470588,0.0,26.96078431372549,0.0,0.0,2.450980392156863,2.450980392156863,22.058823529411764,17.156862745098042,0.0,2.450980392156863,0.0,2.450980392156863,0.0,0.0,0.0,0.0,0.0,0.0,0.0,0.0,17.156862745098042,85.7843137254902,17.156862745098042,12.254901960784313,80.88235294117648,0.5632754342431762,4.26302729528536,2.450980392156863,0.0,2.450980392156863,0.0,12.254901960784313,0.0,0.0,2.450980392156863,0.0,2.450980392156863,4.901960784313726,22.058823529411764,2.450980392156863,9.803921568627452,12.254901960784313,2.450980392156863,0.0,0.0,4.901960784313726,9.803921568627452,19.607843137254903,2.450980392156863,4.901960784313726
196975,83.95061728395062,2.4691358024691357,2.4691358024691357,0.0,0.0,0.0,0.0,29.62962962962963,14.814814814814815,0.0,9.876543209876543,2.4691358024691357,14.814814814814815,17.28395061728395,7.407407407407407,239.50617283950618,4.938271604938271,0.0,24.691358024691358,4.938271604938271,0.0,0.0,0.0,32.098765432098766,7.407407407407407,2.4691358024691357,4.938271604938271,0.0,9.876543209876543,0.0,4.938271604938271,0.0,0.0,0.0,0.0,0.0,0.0,9.876543209876543,88.88888888888889,59.25925925925926,7.407407407407407,39.50617283950617,0.5363408521303258,4.533834586466165,0.0,0.0,2.4691358024691357,0.0,2.4691358024691357,0.0,0.0,4.938271604938271,0.0,4.938271604938271,4.938271604938271,27.160493827160494,4.938271604938271,2.4691358024691357,7.407407407407407,0.0,0.0,0.0,2.4691358024691357,12.345679012345679,9.876543209876543,0.0,7.407407407407407
198413,106.17283950617285,19.753086419753085,24.691358024691358,0.0,0.0,101.23456790123457,9.876543209876543,29.62962962962963,4.938271604938271,2.4691358024691357,2.4691358024691357,0.0,14.814814814814815,19.753086419753085,2.4691358024691357,195.06172839506172,9.876543209876543,0.0,32.098765432098766,0.0,2.4691358024691357,0.0,0.0,29.62962962962963,12.345679012345679,2.4691358024691357,4.938271604938271,2.4691358024691357,2.4691358024691357,0.0,2.4691358024691357,0.0,0.0,2.4691358024691357,0.0,0.0,2.4691358024691357,4.938271604938271,86.41975308641975,27.160493827160494,7.407407407407407,27.160493827160494,0.5112781954887218,4.180451127819549,0.0,0.0,2.4691358024691357,0.0,7.407407407407407,0.0,0.0,2.4691358024691357,0.0,0.0,4.938271604938271,24.691358024691358,14.814814814814815,0.0,14.814814814814815,0.0,2.4691358024691357,0.0,0.0,7.407407407407407,14.814814814814815,0.0,2.4691358024691357
199637,84.54106280193237,2.4154589371980677,0.0,0.0,0.0,70.04830917874396,2.4154589371980677,0.0,7.246376811594203,0.0,2.4154589371980677,2.4154589371980677,7.246376811594203,19.32367149758454,4.830917874396135,265.7004830917875,2.4154589371980677,0.0,14.492753623188406,0.0,4.830917874396135,0.0,0.0,19.32367149758454,7.246376811594203,2.4154589371980677,0.0,0.0,4.830917874396135,0.0,2.4154589371980677,0.0,0.0,0.0,0.0,0.0,0.0,7.246376811594203,106.28019323671498,79.71014492753622,4.830917874396135,28.985507246376812,0.5641646489104116,5.0,0.0,0.0,0.0,0.0,9.66183574879227,0.0,0.0,0.0,0.0,4.830917874396135,2.4154589371980677,9.66183574879227,4.830917874396135,2.4154589371980677,0.0,0.0,0.0,0.0,0.0,21.73913043478261,4.830917874396135,2.4154589371980677,2.4154589371980677
200736,75.06053268765133,46.00484261501211,0.0,2.4213075060532687,0.0,2.4213075060532687,0.0,77.4818401937046,4.842615012106537,0.0,0.0,0.0,9.685230024213075,19.37046004842615,7.263922518159807,263.92251815980626,2.4213075060532687,0.0,7.263922518159807,0.0,0.0,0.0,0.0,9.685230024213075,4.842615012106537,2.4213075060532687,2.4213075060532687,0.0,2.4213075060532687,0.0,0.0,0.0,0.0,0.0,0.0,0.0,2.4213075060532687,21.791767554479417,113.80145278450362,60.53268765133172,0.0,29.055690072639226,0.5170731707317073,4.4,0.0,2.4213075060532687,0.0,2.4213075060532687,0.0,0.0,0.0,0.0,0.0,0.0,2.4213075060532687,24.213075060532688,0.0,2.4213075060532687,0.0,0.0,0.0,0.0,4.842615012106537,16.949152542372882,12.106537530266344,2.4213075060532687,12.106537530266344
201072,109.45273631840796,32.33830845771144,0.0,2.487562189054726,0.0,104.4776119402985,0.0,0.0,14.925373134328359,7.462686567164179,22.388059701492537,2.487562189054726,9.950248756218905,17.412935323383085,0.0,161.69154228855723,4.975124378109452,0.0,42.28855721393035,2.487562189054726,2.487562189054726,0.0,0.0,29.850746268656717,4.975124378109452,0.0,0.0,2.487562189054726,7.462686567164179,0.0,2.487562189054726,0.0,0.0,0.0,0.0,0.0,4.975124378109452,12.437810945273633,99.50248756218906,37.31343283582089,9.950248756218905,49.75124378109453,0.4798994974874372,4.13819095477387,0.0,0.0,4.975124378109452,0.0,7.462686567164179,0.0,9.950248756218905,4.975124378109452,0.0,2.487562189054726,2.487562189054726,24.875621890547265,0.0,0.0,2.487562189054726,2.487562189054726,0.0,0.0,9.950248756218905,7.462686567164179,19.90049751243781,0.0,2.487562189054726
20208,99.00990099009901,14.85148514851485,12.376237623762377,7.425742574257425,0.0,19.801980198019802,2.4752475247524752,47.02970297029703,7.425742574257425,0.0,2.4752475247524752,2.4752475247524752,7.425742574257425,0.0,0.0,284.65346534653463,7.425742574257425,2.4752475247524752,17.32673267326733,0.0,2.4752475247524752,0.0,0.0,19.801980198019802,9.900990099009901,2.4752475247524752,7.425742574257425,2.4752475247524752,0.0,0.0,2.4752475247524752,0.0,0.0,0.0,0.0,0.0,0.0,7.425742574257425,81.68316831683168,47.02970297029703,2.4752475247524752,22.277227722772277,0.543424317617866,4.310173697270471,2.4752475247524752,0.0,0.0,0.0,4.9504950495049505,0.0,2.4752475247524752,4.9504950495049505,0.0,0.0,4.9504950495049505,37.12871287128713,7.425742574257425,7.425742574257425,0.0,2.4752475247524752,0.0,0.0,0.0,2.4752475247524752,17.32673267326733,12.376237623762377,0.0
202837,0.0,4.866180048661801,104.62287104622871,0.0,4.866180048661801,65.69343065693431,0.0,51.09489051094891,7.299270072992701,2.4330900243309004,0.0,0.0,12.165450121654501,19.464720194647203,0.0,211.6788321167883,12.165450121654501,0.0,29.197080291970803,0.0,4.866180048661801,0.0,0.0,34.0632603406326,7.299270072992701,0.0,4.866180048661801,0.0,4.866180048661801,0.0,7.299270072992701,0.0,0.0,0.0,0.0,0.0,0.0,4.866180048661801,116.78832116788321,55.961070559610704,4.866180048661801,24.330900243309003,0.5125,4.08,0.0,2.4330900243309004,0.0,2.4330900243309004,0.0,0.0,2.4330900243309004,4.866180048661801,2.4330900243309004,2.4330900243309004,2.4330900243309004,17.0316301703163,0.0,0.0,26.7639902676399,0.0,0.0,0.0,4.866180048661801,2.4330900243309004,21.897810218978105,0.0,2.4330900243309004
204344,117.22488038277513,4.784688995215311,0.0,14.354066985645934,2.3923444976076556,93.30143540669856,0.0,9.569377990430622,16.74641148325359,4.784688995215311,11.961722488038278,0.0,21.5311004784689,28.70813397129187,2.3923444976076556,186.60287081339712,0.0,0.0,40.66985645933014,0.0,0.0,2.3923444976076556,2.3923444976076556,11.961722488038278,7.177033492822967,0.0,0.0,0.0,9.569377990430622,2.3923444976076556,0.0,0.0,0.0,0.0,0.0,0.0,4.784688995215311,14.354066985645934,100.47846889952153,35.88516746411483,7.177033492822967,50.239234449760765,0.4602409638554217,3.980722891566265,0.0,0.0,2.3923444976076556,0.0,7.177033492822967,0.0,9.569377990430622,2.3923444976076556,0.0,9.569377990430622,0.0,40.66985645933014,0.0,7.177033492822967,4.784688995215311,2.3923444976076556,0.0,0.0,2.3923444976076556,7.177033492822967,21.5311004784689,2.3923444976076556,7.177033492822967
204723,92.03980099502488,22.388059701492537,0.0,2.487562189054726,4.975124378109452,0.0,0.0,74.62686567164178,4.975124378109452,0.0,2.487562189054726,0.0,12.437810945273633,22.388059701492537,2.487562189054726,216.4179104477612,17.412935323383085,2.487562189054726,17.412935323383085,0.0,2.487562189054726,0.0,0.0,19.90049751243781,7.462686567164179,0.0,0.0,0.0,2.487562189054726,7.462686567164179,2.487562189054726,0.0,0.0,0.0,0.0,0.0,2.487562189054726,14.925373134328359,104.4776119402985,42.28855721393035,7.462686567164179,52.23880597014925,0.5176767676767676,4.558080808080808,4.975124378109452,2.487562189054726,0.0,0.0,2.487562189054726,0.0,2.487562189054726,2.487562189054726,0.0,14.925373134328359,7.462686567164179,19.90049751243781,2.487562189054726,0.0,2.487562189054726,0.0,0.0,0.0,12.437810945273633,4.975124378109452,17.412935323383085,0.0,4.975124378109452
211323,95.4653937947494,4.773269689737471,0.0,2.3866348448687353,2.3866348448687353,0.0,0.0,35.79952267303103,9.546539379474941,0.0,4.773269689737471,2.3866348448687353,11.933174224343675,45.346062052505964,16.706443914081145,221.95704057279235,11.933174224343675,4.773269689737471,4.773269689737471,0.0,0.0,0.0,0.0,54.89260143198091,0.0,2.3866348448687353,0.0,0.0,2.3866348448687353,0.0,2.3866348448687353,0.0,0.0,0.0,0.0,0.0,0.0,26.252983293556085,109.78520286396181,47.7326968973747,2.3866348448687353,42.959427207637226,0.5560859188544153,5.059665871121719,0.0,0.0,0.0,2.3866348448687353,2.3866348448687353,0.0,0.0,2.3866348448687353,0.0,2.3866348448687353,2.3866348448687353,19.093078758949883,0.0,0.0,0.0,0.0,0.0,0.0,9.546539379474941,16.706443914081145,7.159904534606206,0.0,0.0
211513,63.10679611650485,4.854368932038835,38.83495145631068,7.281553398058253,0.0,75.24271844660194,26.699029126213592,21.844660194174757,21.844660194174757,4.854368932038835,0.0,0.0,21.844660194174757,7.281553398058253,0.0,196.60194174757282,7.281553398058253,0.0,24.271844660194173,0.0,0.0,0.0,0.0,9.70873786407767,9.70873786407767,0.0,2.4271844660194173,0.0,4.854368932038835,0.0,0.0,0.0,0.0,0.0,0.0,0.0,0.0,12.135922330097086,87.37864077669903,31.553398058252426,14.563106796116505,58.25242718446602,0.5113924050632911,3.9544303797468356,4.854368932038835,0.0,2.4271844660194173,2.4271844660194173,4.854368932038835,0.0,0.0,12.135922330097086,0.0,12.135922330097086,9.70873786407767,31.553398058252426,2.4271844660194173,0.0,29.12621359223301,0.0,0.0,0.0,0.0,7.281553398058253,9.70873786407767,2.4271844660194173,7.281553398058253
213127,87.28179551122194,2.493765586034913,0.0,9.975062344139651,0.0,92.26932668329177,0.0,49.87531172069826,19.950124688279303,0.0,4.987531172069826,4.987531172069826,9.975062344139651,7.481296758104738,0.0,174.5635910224439,0.0,0.0,27.43142144638404,0.0,4.987531172069826,0.0,4.987531172069826,19.950124688279303,9.975062344139651,0.0,4.987531172069826,7.481296758104738,0.0,0.0,0.0,0.0,0.0,0.0,0.0,0.0,4.987531172069826,22.443890274314214,104.73815461346634,37.406483790523694,4.987531172069826,59.8503740648379,0.4936708860759494,3.9443037974683546,0.0,9.975062344139651,0.0,4.987531172069826,4.987531172069826,0.0,2.493765586034913,17.456359102244388,2.493765586034913,2.493765586034913,0.0,37.406483790523694,4.987531172069826,7.481296758104738,14.962593516209475,2.493765586034913,2.493765586034913,0.0,2.493765586034913,2.493765586034913,14.962593516209475,2.493765586034913,14.962593516209475
213816,53.78973105134474,7.334963325183374,19.559902200489,7.334963325183374,2.444987775061125,78.239608801956,0.0,7.334963325183374,2.444987775061125,4.88997555012225,0.0,2.444987775061125,14.669926650366747,22.004889975550125,0.0,242.05378973105135,2.444987775061125,0.0,14.669926650366747,0.0,0.0,0.0,0.0,26.89486552567237,7.334963325183374,2.444987775061125,2.444987775061125,0.0,4.88997555012225,0.0,2.444987775061125,0.0,0.0,0.0,0.0,0.0,0.0,4.88997555012225,105.13447432762835,46.45476772616137,7.334963325183374,34.229828850855746,0.5818639798488665,4.755667506297229,0.0,0.0,0.0,2.444987775061125,0.0,0.0,4.88997555012225,2.444987775061125,0.0,9.7799511002445,9.7799511002445,9.7799511002445,2.444987775061125,0.0,24.44987775061125,0.0,0.0,0.0,2.444987775061125,4.88997555012225,4.88997555012225,0.0,2.444987775061125
215787,106.79611650485437,14.563106796116505,9.70873786407767,4.854368932038835,4.854368932038835,7.281553398058253,0.0,92.23300970873787,14.563106796116505,2.4271844660194173,7.281553398058253,0.0,9.70873786407767,7.281553398058253,4.854368932038835,237.8640776699029,2.4271844660194173,2.4271844660194173,29.12621359223301,0.0,0.0,0.0,0.0,12.135922330097086,7.281553398058253,0.0,2.4271844660194173,2.4271844660194173,0.0,2.4271844660194173,0.0,0.0,0.0,0.0,0.0,0.0,2.4271844660194173,26.699029126213592,87.37864077669903,48.543689320388346,9.70873786407767,50.970873786407765,0.5682382133995038,4.503722084367245,0.0,2.4271844660194173,0.0,0.0,9.70873786407767,0.0,2.4271844660194173,4.854368932038835,0.0,0.0,4.854368932038835,19.41747572815534,2.4271844660194173,7.281553398058253,9.70873786407767,0.0,0.0,0.0,0.0,9.70873786407767,21.844660194174757,2.4271844660194173,7.281553398058253
227355,87.80487804878048,29.26829268292683,0.0,4.878048780487805,2.4390243902439024,75.60975609756098,0.0,21.95121951219512,24.390243902439025,7.317073170731708,0.0,2.4390243902439024,9.75609756097561,26.829268292682926,0.0,217.0731707317073,4.878048780487805,0.0,12.195121951219512,0.0,2.4390243902439024,0.0,2.4390243902439024,17.073170731707318,7.317073170731708,2.4390243902439024,0.0,2.4390243902439024,0.0,0.0,2.4390243902439024,0.0,0.0,0.0,0.0,0.0,0.0,7.317073170731708,100.0,46.34146341463415,0.0,41.463414634146346,0.5382716049382716,4.57037037037037,0.0,0.0,0.0,0.0,2.4390243902439024,2.4390243902439024,2.4390243902439024,2.4390243902439024,0.0,0.0,4.878048780487805,19.51219512195122,2.4390243902439024,0.0,0.0,0.0,0.0,0.0,4.878048780487805,9.75609756097561,17.073170731707318,0.0,2.4390243902439024
228678,104.11622276029055,4.842615012106537,2.4213075060532687,2.4213075060532687,0.0,2.4213075060532687,0.0,150.12106537530266,9.685230024213075,0.0,0.0,0.0,7.263922518159807,14.527845036319613,2.4213075060532687,188.86198547215497,2.4213075060532687,0.0,29.055690072639226,2.4213075060532687,0.0,0.0,0.0,21.791767554479417,16.949152542372882,2.4213075060532687,0.0,4.842615012106537,2.4213075060532687,0.0,0.0,0.0,0.0,0.0,0.0,0.0,0.0,16.949152542372882,111.38014527845036,41.16222760290557,4.842615012106537,55.69007263922518,0.5343137254901961,4.318627450980392,0.0,0.0,0.0,0.0,12.106537530266344,0.0,0.0,4.842615012106537,0.0,2.4213075060532687,0.0,38.7409200968523,4.842615012106537,0.0,12.106537530266344,0.0,0.0,0.0,0.0,9.685230024213075,16.949152542372882,0.0,9.685230024213075
229835,91.98113207547169,9.433962264150942,2.3584905660377355,2.3584905660377355,0.0,0.0,0.0,33.0188679245283,7.0754716981132075,0.0,4.716981132075471,0.0,4.716981132075471,23.58490566037736,7.0754716981132075,297.1698113207547,9.433962264150942,0.0,21.22641509433962,0.0,2.3584905660377355,0.0,0.0,11.79245283018868,11.79245283018868,0.0,0.0,2.3584905660377355,0.0,0.0,4.716981132075471,0.0,0.0,0.0,0.0,0.0,0.0,14.150943396226415,106.13207547169812,80.18867924528301,9.433962264150942,23.58490566037736,0.5910165484633569,5.127659574468085,2.3584905660377355,0.0,0.0,0.0,4.716981132075471,0.0,0.0,0.0,0.0,0.0,4.716981132075471,14.150943396226415,0.0,0.0,0.0,2.3584905660377355,0.0,0.0,0.0,7.0754716981132075,14.150943396226415,0.0,2.3584905660377355
231183,119.7007481296758,0.0,0.0,2.493765586034913,0.0,57.356608478803,2.493765586034913,29.92518703241895,4.987531172069826,4.987531172069826,4.987531172069826,0.0,14.962593516209475,9.975062344139651,0.0,209.47630922693267,4.987531172069826,0.0,27.43142144638404,0.0,4.987531172069826,0.0,0.0,39.900249376558605,7.481296758104738,0.0,0.0,4.987531172069826,0.0,0.0,9.975062344139651,0.0,0.0,0.0,0.0,0.0,4.987531172069826,24.93765586034913,74.81296758104739,32.418952618453865,9.975062344139651,39.900249376558605,0.5301507537688442,4.414572864321608,0.0,2.493765586034913,7.481296758104738,0.0,7.481296758104738,0.0,2.493765586034913,4.987531172069826,0.0,2.493765586034913,7.481296758104738,17.456359102244388,2.493765586034913,14.962593516209475,0.0,2.493765586034913,0.0,0.0,2.493765586034913,9.975062344139651,22.443890274314214,4.987531172069826,0.0
235905,128.9537712895377,21.897810218978105,14.598540145985401,9.732360097323602,9.732360097323602,114.35523114355232,7.299270072992701,36.4963503649635,12.165450121654501,0.0,4.866180048661801,4.866180048661801,34.0632603406326,2.4330900243309004,0.0,114.35523114355232,4.866180048661801,0.0,29.197080291970803,2.4330900243309004,0.0,2.4330900243309004,4.866180048661801,24.330900243309003,19.464720194647203,0.0,0.0,0.0,2.4330900243309004,0.0,0.0,0.0,0.0,0.0,0.0,0.0,4.866180048661801,9.732360097323602,77.85888077858881,14.598540145985401,2.4330900243309004,99.7566909975669,0.4975247524752475,3.9975247524752477,0.0,0.0,0.0,2.4330900243309004,12.165450121654501,0.0,2.4330900243309004,2.4330900243309004,2.4330900243309004,0.0,7.299270072992701,31.630170316301705,4.866180048661801,4.866180048661801,9.732360097323602,4.866180048661801,0.0,0.0,9.732360097323602,17.0316301703163,26.7639902676399,0.0,9.732360097323602
236889,112.21945137157108,0.0,2.493765586034913,2.493765586034913,0.0,64.83790523690773,4.987531172069826,74.81296758104739,9.975062344139651,0.0,12.468827930174564,0.0,22.443890274314214,4.987531172069826,0.0,177.05735660847878,0.0,0.0,42.394014962593516,0.0,0.0,0.0,0.0,9.975062344139651,12.468827930174564,0.0,0.0,2.493765586034913,2.493765586034913,0.0,7.481296758104738,0.0,0.0,0.0,2.493765586034913,0.0,2.493765586034913,12.468827930174564,97.25685785536159,19.950124688279303,9.975062344139651,77.3067331670823,0.5390428211586902,4.158690176322418,2.493765586034913,0.0,2.493765586034913,0.0,17.456359102244388,0.0,4.987531172069826,4.987531172069826,0.0,0.0,2.493765586034913,24.93765586034913,4.987531172069826,2.493765586034913,7.481296758104738,4.987531172069826,0.0,0.0,7.481296758104738,4.987531172069826,14.962593516209475,12.468827930174564,9.975062344139651
237180,108.69565217391305,12.077294685990339,4.830917874396135,0.0,2.4154589371980677,14.492753623188406,0.0,55.55555555555555,4.830917874396135,2.4154589371980677,2.4154589371980677,0.0,21.73913043478261,28.985507246376812,9.66183574879227,258.45410628019323,0.0,0.0,24.154589371980677,0.0,2.4154589371980677,2.4154589371980677,0.0,21.73913043478261,4.830917874396135,0.0,4.830917874396135,0.0,0.0,0.0,12.077294685990339,0.0,0.0,0.0,0.0,0.0,2.4154589371980677,7.246376811594203,91.78743961352657,55.55555555555555,16.908212560386474,38.64734299516908,0.530562347188264,4.919315403422983,2.4154589371980677,2.4154589371980677,0.0,0.0,12.077294685990339,0.0,0.0,2.4154589371980677,0.0,0.0,4.830917874396135,36.231884057971016,0.0,2.4154589371980677,2.4154589371980677,2.4154589371980677,0.0,0.0,4.830917874396135,14.492753623188406,12.077294685990339,0.0,4.830917874396135
238133,81.88585607940446,4.962779156327543,44.66501240694789,4.962779156327543,9.925558312655086,84.36724565756825,24.81389578163772,12.40694789081886,7.444168734491315,4.962779156327543,2.4813895781637716,2.4813895781637716,37.220843672456574,7.444168734491315,0.0,176.17866004962778,2.4813895781637716,0.0,22.332506203473944,0.0,4.962779156327543,0.0,0.0,29.77667493796526,17.3697270471464,0.0,0.0,0.0,9.925558312655086,0.0,4.962779156327543,0.0,0.0,0.0,0.0,0.0,0.0,4.962779156327543,101.73697270471465,27.29528535980149,2.4813895781637716,74.44168734491315,0.5178571428571429,4.084183673469388,0.0,2.4813895781637716,2.4813895781637716,0.0,14.88833746898263,0.0,2.4813895781637716,4.962779156327543,0.0,0.0,9.925558312655086,32.25806451612903,4.962779156327543,7.444168734491315,22.332506203473944,2.4813895781637716,4.962779156327543,0.0,0.0,4.962779156327543,14.88833746898263,0.0,12.40694789081886
239166,108.37438423645321,4.926108374384237,14.778325123152708,4.926108374384237,0.0,17.241379310344826,2.4630541871921183,27.093596059113302,2.4630541871921183,2.4630541871921183,4.926108374384237,0.0,19.704433497536947,17.241379310344826,0.0,243.8423645320197,17.241379310344826,2.4630541871921183,34.48275862068965,2.4630541871921183,2.4630541871921183,0.0,2.4630541871921183,19.704433497536947,2.4630541871921183,0.0,0.0,0.0,7.389162561576354,0.0,0.0,0.0,0.0,0.0,0.0,0.0,0.0,14.778325123152708,73.89162561576356,44.33497536945813,17.241379310344826,49.26108374384237,0.5365239294710328,4.471032745591939,2.4630541871921183,0.0,2.4630541871921183,7.389162561576354,7.389162561576354,0.0,0.0,0.0,0.0,2.4630541871921183,4.926108374384237,14.778325123152708,0.0,2.4630541871921183,2.4630541871921183,0.0,0.0,0.0,0.0,17.241379310344826,17.241379310344826,0.0,2.4630541871921183
241934,81.68316831683168,9.900990099009901,37.12871287128713,2.4752475247524752,4.9504950495049505,81.68316831683168,19.801980198019802,37.12871287128713,4.9504950495049505,2.4752475247524752,2.4752475247524752,4.9504950495049505,14.85148514851485,12.376237623762377,0.0,222.77227722772278,2.4752475247524752,0.0,22.277227722772277,0.0,0.0,0.0,0.0,9.900990099009901,4.9504950495049505,0.0,0.0,0.0,0.0,0.0,0.0,0.0,0.0,0.0,0.0,0.0,2.4752475247524752,12.376237623762377,101.48514851485149,17.32673267326733,17.32673267326733,34.65346534653466,0.5736434108527132,4.423772609819121,0.0,0.0,0.0,0.0,7.425742574257425,0.0,4.9504950495049505,2.4752475247524752,0.0,7.425742574257425,2.4752475247524752,27.22772277227723,0.0,2.4752475247524752,19.801980198019802,2.4752475247524752,2.4752475247524752,0.0,0.0,2.4752475247524752,19.801980198019802,4.9504950495049505,0.0
244836,92.45742092457421,7.299270072992701,9.732360097323602,2.4330900243309004,9.732360097323602,12.165450121654501,0.0,41.3625304136253,9.732360097323602,0.0,4.866180048661801,0.0,21.897810218978105,34.0632603406326,0.0,187.34793187347933,12.165450121654501,0.0,31.630170316301705,0.0,4.866180048661801,0.0,2.4330900243309004,36.4963503649635,2.4330900243309004,0.0,2.4330900243309004,0.0,4.866180048661801,0.0,0.0,0.0,0.0,0.0,0.0,0.0,12.165450121654501,12.165450121654501,75.42579075425792,53.5279805352798,12.165450121654501,65.69343065693431,0.5318627450980392,4.784313725490196,2.4330900243309004,2.4330900243309004,0.0,2.4330900243309004,7.299270072992701,4.866180048661801,2.4330900243309004,7.299270072992701,7.299270072992701,2.4330900243309004,4.866180048661801,29.197080291970803,4.866180048661801,0.0,4.866180048661801,0.0,2.4330900243309004,0.0,2.4330900243309004,19.464720194647203,21.897810218978105,0.0,7.299270072992701
245258,95.82309582309583,2.457002457002457,9.828009828009828,4.914004914004914,4.914004914004914,4.914004914004914,9.828009828009828,61.42506142506143,7.371007371007371,2.457002457002457,2.457002457002457,0.0,22.11302211302211,7.371007371007371,4.914004914004914,243.24324324324326,0.0,0.0,34.3980343980344,0.0,0.0,0.0,0.0,14.742014742014742,9.828009828009828,0.0,4.914004914004914,2.457002457002457,7.371007371007371,0.0,0.0,0.0,0.0,0.0,0.0,0.0,0.0,14.742014742014742,95.82309582309583,51.597051597051596,7.371007371007371,49.140049140049136,0.5211970074812967,4.301745635910224,0.0,0.0,0.0,0.0,4.914004914004914,0.0,4.914004914004914,2.457002457002457,0.0,0.0,7.371007371007371,4.914004914004914,4.914004914004914,9.828009828009828,9.828009828009828,0.0,0.0,0.0,2.457002457002457,7.371007371007371,7.371007371007371,2.457002457002457,7.371007371007371
245650,65.37530266343826,0.0,29.055690072639226,2.4213075060532687,0.0,72.63922518159806,36.31961259079903,16.949152542372882,16.949152542372882,0.0,7.263922518159807,0.0,7.263922518159807,24.213075060532688,4.842615012106537,159.80629539951573,14.527845036319613,2.4213075060532687,24.213075060532688,0.0,4.842615012106537,0.0,2.4213075060532687,33.898305084745765,2.4213075060532687,0.0,0.0,0.0,2.4213075060532687,0.0,0.0,0.0,0.0,0.0,0.0,0.0,0.0,7.263922518159807,75.06053268765133,24.213075060532688,12.106537530266344,43.583535108958834,0.45588235294117646,4.110294117647059,4.842615012106537,0.0,0.0,2.4213075060532687,4.842615012106537,0.0,0.0,7.263922518159807,0.0,33.898305084745765,14.527845036319613,31.476997578692497,4.842615012106537,0.0,0.0,2.4213075060532687,0.0,0.0,4.842615012106537,12.106537530266344,21.791767554479417,0.0,2.4213075060532687
246886,102.1377672209026,11.876484560570072,0.0,7.125890736342043,7.125890736342043,0.0,0.0,23.752969121140143,11.876484560570072,0.0,2.375296912114014,0.0,7.125890736342043,21.377672209026127,9.501187648456057,247.03087885985747,14.251781472684087,0.0,11.876484560570072,0.0,2.375296912114014,2.375296912114014,0.0,40.38004750593824,0.0,0.0,2.375296912114014,0.0,0.0,0.0,4.750593824228028,0.0,0.0,0.0,0.0,0.0,0.0,19.002375296912113,116.3895486935867,45.13064133016627,9.501187648456057,33.2541567695962,0.5765550239234449,4.7105263157894735,0.0,2.375296912114014,0.0,2.375296912114014,2.375296912114014,0.0,2.375296912114014,0.0,0.0,0.0,0.0,11.876484560570072,2.375296912114014,7.125890736342043,0.0,2.375296912114014,0.0,0.0,4.750593824228028,16.6270783847981,16.6270783847981,2.375296912114014,0.0
247115,108.64197530864197,22.22222222222222,0.0,7.407407407407407,7.407407407407407,0.0,0.0,29.62962962962963,9.876543209876543,0.0,2.4691358024691357,2.4691358024691357,27.160493827160494,17.28395061728395,7.407407407407407,182.71604938271605,19.753086419753085,0.0,14.814814814814815,0.0,0.0,0.0,0.0,34.5679012345679,9.876543209876543,0.0,0.0,0.0,7.407407407407407,2.4691358024691357,2.4691358024691357,0.0,0.0,7.407407407407407,0.0,0.0,2.4691358024691357,17.28395061728395,98.76543209876543,49.382716049382715,4.938271604938271,64.19753086419753,0.5703703703703704,4.713580246913581,0.0,2.4691358024691357,0.0,2.4691358024691357,2.4691358024691357,0.0,7.407407407407407,0.0,0.0,2.4691358024691357,0.0,12.345679012345679,0.0,0.0,0.0,0.0,0.0,0.0,7.407407407407407,17.28395061728395,14.814814814814815,0.0,0.0
247371,92.6829268292683,26.829268292682926,0.0,4.878048780487805,0.0,53.65853658536585,0.0,12.195121951219512,7.317073170731708,0.0,4.878048780487805,2.4390243902439024,21.95121951219512,14.634146341463415,0.0,246.34146341463415,12.195121951219512,2.4390243902439024,19.51219512195122,7.317073170731708,4.878048780487805,0.0,0.0,17.073170731707318,14.634146341463415,0.0,0.0,2.4390243902439024,9.75609756097561,0.0,2.4390243902439024,0.0,0.0,0.0,0.0,0.0,0.0,9.75609756097561,114.63414634146342,39.02439024390244,2.4390243902439024,39.02439024390244,0.5122549019607843,4.446078431372549,4.878048780487805,0.0,0.0,0.0,4.878048780487805,0.0,2.4390243902439024,0.0,0.0,0.0,2.4390243902439024,17.073170731707318,0.0,4.878048780487805,0.0,0.0,0.0,0.0,0.0,9.75609756097561,9.75609756097561,0.0,0.0
249857,92.45742092457421,9.732360097323602,0.0,0.0,2.4330900243309004,97.32360097323601,0.0,7.299270072992701,4.866180048661801,2.4330900243309004,7.299270072992701,2.4330900243309004,7.299270072992701,12.165450121654501,4.866180048661801,236.0097323600973,9.732360097323602,0.0,17.0316301703163,0.0,0.0,0.0,0.0,21.897810218978105,12.165450121654501,2.4330900243309004,0.0,2.4330900243309004,4.866180048661801,0.0,0.0,0.0,0.0,0.0,0.0,0.0,2.4330900243309004,19.464720194647203,104.62287104622871,48.661800486618006,9.732360097323602,34.0632603406326,0.5432098765432098,4.298765432098765,0.0,2.4330900243309004,0.0,0.0,0.0,0.0,4.866180048661801,4.866180048661801,0.0,0.0,0.0,2.4330900243309004,2.4330900243309004,2.4330900243309004,2.4330900243309004,0.0,0.0,0.0,2.4330900243309004,2.4330900243309004,14.598540145985401,0.0,2.4330900243309004
250661,93.82716049382717,2.4691358024691357,19.753086419753085,2.4691358024691357,0.0,79.01234567901234,4.938271604938271,56.79012345679013,7.407407407407407,0.0,0.0,7.407407407407407,27.160493827160494,7.407407407407407,2.4691358024691357,133.33333333333334,9.876543209876543,0.0,4.938271604938271,0.0,0.0,0.0,2.4691358024691357,22.22222222222222,7.407407407407407,2.4691358024691357,0.0,0.0,2.4691358024691357,0.0,2.4691358024691357,0.0,0.0,2.4691358024691357,0.0,0.0,2.4691358024691357,14.814814814814815,98.76543209876543,41.97530864197531,9.876543209876543,66.66666666666667,0.48370927318295737,4.06015037593985,0.0,2.4691358024691357,0.0,0.0,2.4691358024691357,0.0,7.407407407407407,2.4691358024691357,0.0,0.0,7.407407407407407,19.753086419753085,0.0,0.0,12.345679012345679,0.0,0.0,0.0,4.938271604938271,12.345679012345679,12.345679012345679,0.0,9.876543209876543
252877,103.52941176470588,14.11764705882353,4.705882352941176,2.352941176470588,2.352941176470588,91.76470588235294,2.352941176470588,44.70588235294118,11.76470588235294,0.0,0.0,0.0,16.47058823529412,18.823529411764703,2.352941176470588,209.41176470588235,7.058823529411765,4.705882352941176,23.52941176470588,0.0,4.705882352941176,2.352941176470588,0.0,11.76470588235294,7.058823529411765,0.0,0.0,2.352941176470588,7.058823529411765,0.0,2.352941176470588,0.0,0.0,0.0,0.0,0.0,0.0,18.823529411764703,108.23529411764706,44.70588235294118,2.352941176470588,51.76470588235294,0.5,4.161904761904762,0.0,0.0,0.0,2.352941176470588,7.058823529411765,0.0,2.352941176470588,4.705882352941176,0.0,0.0,2.352941176470588,18.823529411764703,2.352941176470588,0.0,11.76470588235294,0.0,0.0,0.0,2.352941176470588,9.411764705882351,18.823529411764703,0.0,14.11764705882353
253283,84.13461538461539,12.01923076923077,0.0,4.807692307692308,7.211538461538462,0.0,0.0,115.38461538461539,4.807692307692308,0.0,2.403846153846154,0.0,14.423076923076923,19.230769230769234,0.0,211.53846153846155,2.403846153846154,2.403846153846154,7.211538461538462,0.0,0.0,0.0,0.0,28.846153846153847,14.423076923076923,0.0,2.403846153846154,0.0,9.615384615384617,0.0,0.0,0.0,0.0,0.0,0.0,4.807692307692308,2.403846153846154,7.211538461538462,103.36538461538461,60.09615384615385,0.0,45.67307692307692,0.5700483091787439,4.734299516908212,0.0,0.0,0.0,0.0,4.807692307692308,0.0,2.403846153846154,2.403846153846154,0.0,2.403846153846154,0.0,16.826923076923077,2.403846153846154,4.807692307692308,2.403846153846154,2.403846153846154,0.0,2.403846153846154,4.807692307692308,12.01923076923077,2.403846153846154,0.0,9.615384615384617
25331,81.2807881773399,14.778325123152708,22.167487684729064,2.4630541871921183,2.4630541871921183,2.4630541871921183,4.926108374384237,14.778325123152708,27.093596059113302,0.0,0.0,0.0,27.093596059113302,19.704433497536947,7.389162561576354,258.62068965517244,7.389162561576354,0.0,27.093596059113302,0.0,0.0,0.0,4.926108374384237,14.778325123152708,0.0,2.4630541871921183,0.0,0.0,7.389162561576354,4.926108374384237,0.0,0.0,0.0,0.0,0.0,0.0,0.0,2.4630541871921183,96.0591133004926,41.87192118226601,7.389162561576354,34.48275862068965,0.49507389162561577,4.583743842364532,2.4630541871921183,0.0,0.0,0.0,2.4630541871921183,0.0,4.926108374384237,7.389162561576354,0.0,0.0,9.852216748768473,12.315270935960593,4.926108374384237,2.4630541871921183,0.0,0.0,2.4630541871921183,0.0,2.4630541871921183,9.852216748768473,12.315270935960593,0.0,7.389162561576354
255531,105.88235294117646,16.47058823529412,14.11764705882353,9.411764705882351,2.352941176470588,2.352941176470588,11.76470588235294,70.58823529411765,11.76470588235294,4.705882352941176,0.0,2.352941176470588,25.88235294117647,9.411764705882351,2.352941176470588,244.7058823529412,9.411764705882351,0.0,21.176470588235293,0.0,0.0,0.0,0.0,7.058823529411765,14.11764705882353,2.352941176470588,9.411764705882351,0.0,9.411764705882351,0.0,4.705882352941176,0.0,0.0,0.0,0.0,0.0,0.0,18.823529411764703,103.52941176470588,54.11764705882353,7.058823529411765,58.8235294117647,0.5205811138014528,4.193704600484262,0.0,0.0,0.0,0.0,2.352941176470588,0.0,4.705882352941176,0.0,0.0,0.0,4.705882352941176,14.11764705882353,0.0,0.0,14.11764705882353,0.0,0.0,0.0,4.705882352941176,4.705882352941176,4.705882352941176,0.0,0.0
257022,58.394160583941606,4.866180048661801,43.79562043795621,2.4330900243309004,0.0,85.1581508515815,7.299270072992701,53.5279805352798,14.598540145985401,0.0,0.0,7.299270072992701,21.897810218978105,26.7639902676399,0.0,187.34793187347933,7.299270072992701,0.0,38.929440389294406,0.0,9.732360097323602,0.0,0.0,21.897810218978105,4.866180048661801,2.4330900243309004,0.0,0.0,4.866180048661801,0.0,4.866180048661801,0.0,0.0,0.0,0.0,0.0,2.4330900243309004,4.866180048661801,94.8905109489051,38.929440389294406,7.299270072992701,53.5279805352798,0.5114503816793893,4.396946564885496,0.0,2.4330900243309004,0.0,0.0,12.165450121654501,0.0,0.0,0.0,0.0,4.866180048661801,4.866180048661801,36.4963503649635,2.4330900243309004,0.0,29.197080291970803,0.0,0.0,2.4330900243309004,2.4330900243309004,9.732360097323602,9.732360097323602,0.0,14.598540145985401
260564,66.5083135391924,7.125890736342043,23.752969121140143,2.375296912114014,7.125890736342043,71.25890736342043,30.878859857482183,2.375296912114014,38.00475059382423,9.501187648456057,0.0,4.750593824228028,2.375296912114014,11.876484560570072,4.750593824228028,197.14964370546318,4.750593824228028,0.0,19.002375296912113,0.0,0.0,0.0,0.0,14.251781472684087,16.6270783847981,0.0,0.0,0.0,0.0,0.0,2.375296912114014,0.0,0.0,0.0,2.375296912114014,0.0,0.0,2.375296912114014,85.5106888361045,61.75771971496437,2.375296912114014,64.13301662707839,0.5599022004889975,4.193154034229829,0.0,0.0,0.0,7.125890736342043,9.501187648456057,0.0,2.375296912114014,4.750593824228028,0.0,11.876484560570072,7.125890736342043,16.6270783847981,0.0,0.0,14.251781472684087,0.0,2.375296912114014,0.0,2.375296912114014,7.125890736342043,14.251781472684087,0.0,11.876484560570072
261814,108.37438423645321,9.852216748768473,0.0,12.315270935960593,0.0,0.0,0.0,100.98522167487685,9.852216748768473,2.4630541871921183,2.4630541871921183,0.0,19.704433497536947,17.241379310344826,2.4630541871921183,187.19211822660097,7.389162561576354,0.0,14.778325123152708,0.0,0.0,0.0,0.0,27.093596059113302,4.926108374384237,2.4630541871921183,0.0,0.0,12.315270935960593,2.4630541871921183,2.4630541871921183,0.0,0.0,0.0,0.0,0.0,14.778325123152708,14.778325123152708,115.76354679802955,41.87192118226601,2.4630541871921183,41.87192118226601,0.5062034739454094,4.310173697270471,0.0,4.926108374384237,0.0,7.389162561576354,2.4630541871921183,0.0,2.4630541871921183,4.926108374384237,0.0,0.0,0.0,14.778325123152708,4.926108374384237,22.167487684729064,7.389162561576354,0.0,0.0,0.0,2.4630541871921183,17.241379310344826,24.630541871921185,0.0,7.389162561576354
262204,86.95652173913044,26.570048309178745,38.64734299516908,4.830917874396135,0.0,84.54106280193237,19.32367149758454,38.64734299516908,14.492753623188406,0.0,4.830917874396135,0.0,19.32367149758454,2.4154589371980677,0.0,169.08212560386474,7.246376811594203,0.0,31.40096618357488,0.0,2.4154589371980677,0.0,0.0,33.81642512077295,9.66183574879227,0.0,0.0,0.0,7.246376811594203,2.4154589371980677,0.0,0.0,0.0,0.0,0.0,0.0,7.246376811594203,21.73913043478261,82.1256038647343,45.893719806763286,7.246376811594203,48.309178743961354,0.542997542997543,3.8968058968058967,0.0,2.4154589371980677,0.0,2.4154589371980677,4.830917874396135,0.0,0.0,0.0,7.246376811594203,0.0,7.246376811594203,21.73913043478261,7.246376811594203,4.830917874396135,14.492753623188406,2.4154589371980677,0.0,0.0,2.4154589371980677,9.66183574879227,12.077294685990339,0.0,4.830917874396135
263117,0.0,0.0,135.4679802955665,9.852216748768473,2.4630541871921183,96.0591133004926,0.0,34.48275862068965,4.926108374384237,4.926108374384237,0.0,0.0,12.315270935960593,4.926108374384237,0.0,204.43349753694582,2.4630541871921183,0.0,29.556650246305416,0.0,2.4630541871921183,2.4630541871921183,0.0,27.093596059113302,19.704433497536947,0.0,0.0,2.4630541871921183,2.4630541871921183,0.0,2.4630541871921183,0.0,0.0,0.0,0.0,0.0,0.0,12.315270935960593,93.59605911330048,4.926108374384237,14.778325123152708,66.50246305418719,0.5154639175257731,4.056701030927835,2.4630541871921183,0.0,0.0,0.0,4.926108374384237,0.0,0.0,2.4630541871921183,0.0,2.4630541871921183,0.0,29.556650246305416,4.926108374384237,0.0,36.94581280788178,2.4630541871921183,0.0,0.0,2.4630541871921183,14.778325123152708,29.556650246305416,0.0,7.389162561576354
26314,94.76309226932668,4.987531172069826,14.962593516209475,9.975062344139651,2.493765586034913,4.987531172069826,2.493765586034913,32.418952618453865,9.975062344139651,0.0,0.0,0.0,9.975062344139651,32.418952618453865,2.493765586034913,266.83291770573567,14.962593516209475,0.0,24.93765586034913,0.0,0.0,2.493765586034913,0.0,14.962593516209475,2.493765586034913,0.0,0.0,0.0,7.481296758104738,0.0,0.0,0.0,0.0,0.0,0.0,0.0,2.493765586034913,24.93765586034913,104.73815461346634,39.900249376558605,12.468827930174564,29.92518703241895,0.5549872122762148,4.634271099744246,0.0,0.0,0.0,4.987531172069826,2.493765586034913,0.0,0.0,2.493765586034913,0.0,2.493765586034913,2.493765586034913,4.987531172069826,0.0,2.493765586034913,7.481296758104738,0.0,0.0,0.0,0.0,14.962593516209475,17.456359102244388,0.0,2.493765586034913
26339,91.13300492610837,4.926108374384237,0.0,2.4630541871921183,2.4630541871921183,0.0,0.0,78.81773399014779,2.4630541871921183,0.0,2.4630541871921183,0.0,17.241379310344826,24.630541871921185,7.389162561576354,219.21182266009853,12.315270935960593,0.0,9.852216748768473,2.4630541871921183,4.926108374384237,0.0,0.0,19.704433497536947,12.315270935960593,0.0,4.926108374384237,2.4630541871921183,9.852216748768473,0.0,2.4630541871921183,0.0,0.0,0.0,0.0,0.0,4.926108374384237,19.704433497536947,108.37438423645321,49.26108374384237,0.0,39.40886699507389,0.5621890547263682,5.293532338308458,2.4630541871921183,0.0,0.0,0.0,7.389162561576354,0.0,4.926108374384237,0.0,2.4630541871921183,7.389162561576354,4.926108374384237,19.704433497536947,4.926108374384237,0.0,0.0,0.0,0.0,0.0,2.4630541871921183,9.852216748768473,4.926108374384237,0.0,0.0
265057,79.32692307692307,2.403846153846154,2.403846153846154,9.615384615384617,0.0,0.0,0.0,52.88461538461539,4.807692307692308,2.403846153846154,7.211538461538462,2.403846153846154,7.211538461538462,12.01923076923077,2.403846153846154,228.3653846153846,0.0,0.0,24.03846153846154,0.0,2.403846153846154,0.0,0.0,40.86538461538461,21.634615384615383,2.403846153846154,7.211538461538462,0.0,0.0,0.0,2.403846153846154,0.0,0.0,0.0,0.0,0.0,0.0,14.423076923076923,76.92307692307693,26.442307692307693,14.423076923076923,28.846153846153847,0.49878934624697335,4.595641646489105,2.403846153846154,2.403846153846154,0.0,0.0,2.403846153846154,0.0,2.403846153846154,0.0,0.0,0.0,0.0,16.826923076923077,2.403846153846154,2.403846153846154,2.403846153846154,0.0,0.0,0.0,0.0,21.634615384615383,9.615384615384617,0.0,0.0
265073,94.90740740740742,9.25925925925926,0.0,4.62962962962963,4.62962962962963,62.5,0.0,23.148148148148145,9.25925925925926,4.62962962962963,0.0,0.0,9.25925925925926,11.574074074074073,2.314814814814815,222.2222222222222,16.203703703703702,0.0,18.51851851851852,0.0,4.62962962962963,2.314814814814815,0.0,27.777777777777775,6.944444444444444,2.314814814814815,0.0,0.0,4.62962962962963,0.0,0.0,0.0,0.0,0.0,0.0,0.0,0.0,9.25925925925926,104.16666666666667,37.03703703703704,6.944444444444444,43.98148148148148,0.5771028037383178,4.324766355140187,0.0,2.314814814814815,0.0,0.0,16.203703703703702,0.0,0.0,2.314814814814815,0.0,2.314814814814815,6.944444444444444,18.51851851851852,0.0,2.314814814814815,2.314814814814815,0.0,0.0,0.0,9.25925925925926,18.51851851851852,20.833333333333332,2.314814814814815,0.0
266104,89.33002481389578,7.444168734491315,34.7394540942928,0.0,4.962779156327543,119.10669975186104,32.25806451612903,2.4813895781637716,22.332506203473944,0.0,4.962779156327543,0.0,14.88833746898263,7.444168734491315,2.4813895781637716,153.84615384615387,2.4813895781637716,0.0,29.77667493796526,0.0,4.962779156327543,0.0,0.0,14.88833746898263,2.4813895781637716,0.0,0.0,0.0,4.962779156327543,0.0,0.0,0.0,0.0,0.0,2.4813895781637716,0.0,0.0,24.81389578163772,84.36724565756825,29.77667493796526,12.40694789081886,89.33002481389578,0.5115681233933161,3.886889460154242,2.4813895781637716,0.0,2.4813895781637716,0.0,12.40694789081886,0.0,7.444168734491315,7.444168734491315,0.0,9.925558312655086,0.0,24.81389578163772,0.0,2.4813895781637716,29.77667493796526,2.4813895781637716,0.0,0.0,0.0,2.4813895781637716,22.332506203473944,0.0,14.88833746898263
267732,87.47044917257683,4.7281323877068555,7.092198581560283,2.3640661938534278,0.0,73.28605200945626,23.64066193853428,26.004728132387708,11.82033096926714,7.092198581560283,0.0,4.7281323877068555,14.184397163120567,35.46099290780142,2.3640661938534278,184.39716312056737,0.0,4.7281323877068555,23.64066193853428,0.0,2.3640661938534278,0.0,2.3640661938534278,33.09692671394799,0.0,0.0,2.3640661938534278,0.0,2.3640661938534278,0.0,2.3640661938534278,0.0,0.0,2.3640661938534278,0.0,0.0,4.7281323877068555,9.456264775413711,92.19858156028369,63.82978723404255,2.3640661938534278,33.09692671394799,0.5531400966183575,4.386473429951691,0.0,2.3640661938534278,0.0,0.0,0.0,0.0,2.3640661938534278,14.184397163120567,0.0,4.7281323877068555,9.456264775413711,16.548463356973993,7.092198581560283,2.3640661938534278,9.456264775413711,0.0,0.0,0.0,2.3640661938534278,16.548463356973993,11.82033096926714,0.0,4.7281323877068555
272764,100.0,29.26829268292683,7.317073170731708,7.317073170731708,0.0,112.19512195121952,2.4390243902439024,7.317073170731708,17.073170731707318,2.4390243902439024,2.4390243902439024,0.0,12.195121951219512,9.75609756097561,0.0,192.6829268292683,2.4390243902439024,0.0,43.90243902439024,2.4390243902439024,0.0,0.0,0.0,34.146341463414636,4.878048780487805,0.0,0.0,0.0,4.878048780487805,0.0,2.4390243902439024,0.0,0.0,0.0,0.0,0.0,0.0,7.317073170731708,87.80487804878048,53.65853658536585,17.073170731707318,51.21951219512195,0.5304568527918782,4.073604060913706,2.4390243902439024,0.0,2.4390243902439024,0.0,2.4390243902439024,0.0,2.4390243902439024,4.878048780487805,0.0,4.878048780487805,7.317073170731708,19.51219512195122,0.0,2.4390243902439024,31.70731707317073,0.0,0.0,0.0,9.75609756097561,7.317073170731708,24.390243902439025,0.0,12.195121951219512
273561,102.4390243902439,14.634146341463415,0.0,0.0,12.195121951219512,0.0,0.0,34.146341463414636,4.878048780487805,0.0,0.0,0.0,14.634146341463415,14.634146341463415,2.4390243902439024,260.9756097560976,9.75609756097561,0.0,24.390243902439025,0.0,2.4390243902439024,2.4390243902439024,0.0,36.58536585365854,4.878048780487805,2.4390243902439024,4.878048780487805,0.0,7.317073170731708,0.0,4.878048780487805,0.0,0.0,0.0,0.0,0.0,0.0,7.317073170731708,90.24390243902438,36.58536585365854,7.317073170731708,41.463414634146346,0.5394088669950738,4.704433497536946,2.4390243902439024,4.878048780487805,0.0,0.0,4.878048780487805,2.4390243902439024,2.4390243902439024,4.878048780487805,0.0,2.4390243902439024,2.4390243902439024,12.195121951219512,4.878048780487805,2.4390243902439024,2.4390243902439024,0.0,0.0,0.0,4.878048780487805,19.51219512195122,12.195121951219512,0.0,2.4390243902439024
274076,100.96153846153847,16.826923076923077,12.01923076923077,7.211538461538462,0.0,7.211538461538462,0.0,33.65384615384615,14.423076923076923,2.403846153846154,4.807692307692308,0.0,21.634615384615383,28.846153846153847,0.0,233.17307692307693,0.0,0.0,24.03846153846154,2.403846153846154,0.0,2.403846153846154,0.0,14.423076923076923,4.807692307692308,7.211538461538462,0.0,2.403846153846154,4.807692307692308,0.0,0.0,0.0,0.0,0.0,0.0,0.0,2.403846153846154,14.423076923076923,108.17307692307693,72.11538461538461,4.807692307692308,55.28846153846153,0.5869565217391305,4.760869565217392,0.0,2.403846153846154,0.0,0.0,7.211538461538462,0.0,0.0,0.0,0.0,0.0,7.211538461538462,4.807692307692308,0.0,0.0,4.807692307692308,0.0,2.403846153846154,0.0,0.0,7.211538461538462,14.423076923076923,0.0,0.0
274185,2.403846153846154,4.807692307692308,93.75,2.403846153846154,2.403846153846154,40.86538461538461,0.0,88.9423076923077,7.211538461538462,0.0,0.0,0.0,28.846153846153847,19.230769230769234,2.403846153846154,185.09615384615387,9.615384615384617,0.0,19.230769230769234,0.0,0.0,0.0,0.0,33.65384615384615,9.615384615384617,0.0,0.0,0.0,19.230769230769234,2.403846153846154,0.0,0.0,0.0,0.0,0.0,0.0,0.0,12.01923076923077,98.5576923076923,45.67307692307692,2.403846153846154,40.86538461538461,0.543859649122807,4.43609022556391,0.0,0.0,0.0,0.0,4.807692307692308,0.0,0.0,9.615384615384617,0.0,7.211538461538462,0.0,12.01923076923077,2.403846153846154,4.807692307692308,36.05769230769231,0.0,0.0,0.0,0.0,14.423076923076923,21.634615384615383,0.0,9.615384615384617
274231,88.45208845208845,2.457002457002457,24.570024570024568,4.914004914004914,0.0,41.76904176904177,17.1990171990172,39.31203931203931,27.027027027027028,7.371007371007371,2.457002457002457,0.0,12.285012285012284,9.828009828009828,0.0,240.78624078624077,7.371007371007371,0.0,29.484029484029485,0.0,0.0,0.0,0.0,9.828009828009828,4.914004914004914,2.457002457002457,2.457002457002457,2.457002457002457,2.457002457002457,0.0,0.0,0.0,0.0,0.0,0.0,0.0,0.0,7.371007371007371,105.65110565110565,66.33906633906633,2.457002457002457,51.597051597051596,0.5739795918367347,4.520408163265306,0.0,2.457002457002457,0.0,0.0,7.371007371007371,0.0,0.0,0.0,0.0,0.0,2.457002457002457,14.742014742014742,2.457002457002457,0.0,24.570024570024568,0.0,2.457002457002457,0.0,0.0,4.914004914004914,14.742014742014742,0.0,9.828009828009828
274544,82.08955223880596,4.975124378109452,34.82587064676617,2.487562189054726,0.0,39.80099502487562,32.33830845771144,54.72636815920398,9.950248756218905,0.0,4.975124378109452,0.0,22.388059701492537,4.975124378109452,2.487562189054726,256.21890547263683,2.487562189054726,2.487562189054726,32.33830845771144,0.0,0.0,0.0,0.0,14.925373134328359,2.487562189054726,2.487562189054726,0.0,2.487562189054726,4.975124378109452,0.0,2.487562189054726,0.0,0.0,0.0,0.0,0.0,2.487562189054726,2.487562189054726,89.55223880597015,39.80099502487562,0.0,44.776119402985074,0.5384615384615384,4.248717948717949,0.0,2.487562189054726,2.487562189054726,0.0,4.975124378109452,0.0,0.0,2.487562189054726,0.0,0.0,2.487562189054726,9.950248756218905,4.975124378109452,2.487562189054726,9.950248756218905,0.0,0.0,0.0,0.0,7.462686567164179,12.437810945273633,0.0,9.950248756218905
276071,99.00990099009901,9.900990099009901,2.4752475247524752,0.0,0.0,0.0,0.0,103.96039603960395,2.4752475247524752,2.4752475247524752,7.425742574257425,0.0,9.900990099009901,12.376237623762377,2.4752475247524752,254.95049504950495,0.0,4.9504950495049505,17.32673267326733,0.0,4.9504950495049505,0.0,0.0,14.85148514851485,2.4752475247524752,0.0,2.4752475247524752,0.0,0.0,0.0,7.425742574257425,0.0,0.0,0.0,0.0,0.0,2.4752475247524752,19.801980198019802,96.53465346534654,61.88118811881188,2.4752475247524752,32.17821782178218,0.5623409669211196,4.837150127226463,0.0,0.0,0.0,0.0,7.425742574257425,0.0,2.4752475247524752,4.9504950495049505,0.0,7.425742574257425,4.9504950495049505,17.32673267326733,4.9504950495049505,0.0,9.900990099009901,0.0,0.0,0.0,2.4752475247524752,19.801980198019802,19.801980198019802,0.0,4.9504950495049505
277623,85.1581508515815,4.866180048661801,4.866180048661801,0.0,0.0,87.59124087591242,2.4330900243309004,19.464720194647203,2.4330900243309004,0.0,4.866180048661801,0.0,26.7639902676399,12.165450121654501,0.0,211.6788321167883,9.732360097323602,0.0,17.0316301703163,0.0,4.866180048661801,0.0,0.0,31.630170316301705,0.0,0.0,2.4330900243309004,0.0,12.165450121654501,2.4330900243309004,7.299270072992701,0.0,0.0,0.0,0.0,0.0,0.0,9.732360097323602,119.2214111922141,48.661800486618006,0.0,31.630170316301705,0.5172413793103449,4.295566502463054,0.0,2.4330900243309004,2.4330900243309004,0.0,2.4330900243309004,0.0,2.4330900243309004,4.866180048661801,0.0,4.866180048661801,2.4330900243309004,17.0316301703163,4.866180048661801,0.0,2.4330900243309004,0.0,2.4330900243309004,0.0,0.0,12.165450121654501,12.165450121654501,2.4330900243309004,4.866180048661801
278615,112.74509803921569,14.705882352941176,14.705882352941176,22.058823529411764,0.0,14.705882352941176,14.705882352941176,105.3921568627451,9.803921568627452,2.450980392156863,0.0,2.450980392156863,17.156862745098042,2.450980392156863,0.0,218.13725490196077,0.0,0.0,31.862745098039213,2.450980392156863,2.450980392156863,0.0,4.901960784313726,26.96078431372549,4.901960784313726,0.0,2.450980392156863,0.0,0.0,0.0,0.0,0.0,2.450980392156863,0.0,0.0,0.0,2.450980392156863,17.156862745098042,83.33333333333333,17.156862745098042,7.352941176470588,49.01960784313725,0.4937655860349127,4.214463840399002,0.0,7.352941176470588,0.0,0.0,2.450980392156863,0.0,2.450980392156863,4.901960784313726,0.0,4.901960784313726,9.803921568627452,24.509803921568626,0.0,4.901960784313726,4.901960784313726,0.0,0.0,0.0,0.0,17.156862745098042,26.96078431372549,2.450980392156863,2.450980392156863
279065,83.95061728395062,12.345679012345679,46.91358024691358,2.4691358024691357,2.4691358024691357,83.95061728395062,17.28395061728395,22.22222222222222,24.691358024691358,4.938271604938271,9.876543209876543,2.4691358024691357,7.407407407407407,2.4691358024691357,0.0,170.37037037037035,0.0,0.0,46.91358024691358,0.0,2.4691358024691357,0.0,0.0,17.28395061728395,2.4691358024691357,0.0,0.0,0.0,2.4691358024691357,0.0,2.4691358024691357,0.0,0.0,0.0,2.4691358024691357,0.0,0.0,12.345679012345679,74.07407407407408,41.97530864197531,12.345679012345679,98.76543209876543,0.5625,4.03125,0.0,0.0,4.938271604938271,0.0,29.62962962962963,0.0,0.0,2.4691358024691357,0.0,0.0,4.938271604938271,17.28395061728395,0.0,0.0,44.44444444444444,0.0,4.938271604938271,0.0,4.938271604938271,9.876543209876543,19.753086419753085,0.0,19.753086419753085
280078,114.07766990291263,2.4271844660194173,4.854368932038835,7.281553398058253,0.0,89.80582524271844,0.0,12.135922330097086,12.135922330097086,2.4271844660194173,7.281553398058253,7.281553398058253,14.563106796116505,4.854368932038835,4.854368932038835,206.31067961165047,2.4271844660194173,2.4271844660194173,26.699029126213592,0.0,7.281553398058253,0.0,2.4271844660194173,24.271844660194173,4.854368932038835,0.0,4.854368932038835,0.0,0.0,0.0,2.4271844660194173,0.0,0.0,0.0,0.0,0.0,0.0,21.844660194174757,92.23300970873787,38.83495145631068,9.70873786407767,53.398058252427184,0.5097560975609756,3.9878048780487805,0.0,2.4271844660194173,7.281553398058253,0.0,4.854368932038835,0.0,0.0,2.4271844660194173,0.0,9.70873786407767,7.281553398058253,41.2621359223301,4.854368932038835,2.4271844660194173,4.854368932038835,7.281553398058253,0.0,0.0,9.70873786407767,9.70873786407767,14.563106796116505,0.0,4.854368932038835
282075,96.0591133004926,19.704433497536947,4.926108374384237,2.4630541871921183,4.926108374384237,81.2807881773399,2.4630541871921183,12.315270935960593,27.093596059113302,0.0,0.0,0.0,14.778325123152708,14.778325123152708,0.0,172.41379310344828,2.4630541871921183,0.0,27.093596059113302,4.926108374384237,4.926108374384237,0.0,0.0,41.87192118226601,9.852216748768473,0.0,0.0,4.926108374384237,0.0,2.4630541871921183,0.0,0.0,2.4630541871921183,0.0,0.0,0.0,0.0,7.389162561576354,93.59605911330048,51.724137931034484,12.315270935960593,51.724137931034484,0.5369458128078818,4.221674876847291,0.0,2.4630541871921183,0.0,2.4630541871921183,4.926108374384237,0.0,2.4630541871921183,9.852216748768473,0.0,0.0,0.0,14.778325123152708,12.315270935960593,2.4630541871921183,0.0,0.0,0.0,0.0,2.4630541871921183,19.704433497536947,24.630541871921185,0.0,0.0
282381,109.7560975609756,9.75609756097561,4.878048780487805,7.317073170731708,2.4390243902439024,112.19512195121952,7.317073170731708,9.75609756097561,7.317073170731708,4.878048780487805,14.634146341463415,0.0,29.26829268292683,26.829268292682926,4.878048780487805,165.85365853658539,9.75609756097561,0.0,21.95121951219512,0.0,2.4390243902439024,0.0,0.0,19.51219512195122,7.317073170731708,0.0,0.0,0.0,4.878048780487805,2.4390243902439024,14.634146341463415,0.0,0.0,0.0,0.0,0.0,2.4390243902439024,12.195121951219512,109.7560975609756,19.51219512195122,9.75609756097561,41.463414634146346,0.4665012406947891,4.0471464019851116,0.0,2.4390243902439024,0.0,0.0,9.75609756097561,0.0,7.317073170731708,9.75609756097561,0.0,9.75609756097561,2.4390243902439024,36.58536585365854,0.0,9.75609756097561,14.634146341463415,0.0,0.0,0.0,7.317073170731708,12.195121951219512,19.51219512195122,0.0,7.317073170731708
285242,91.98113207547169,9.433962264150942,23.58490566037736,4.716981132075471,2.3584905660377355,101.41509433962264,11.79245283018868,25.943396226415096,14.150943396226415,2.3584905660377355,4.716981132075471,7.0754716981132075,14.150943396226415,11.79245283018868,2.3584905660377355,212.26415094339623,2.3584905660377355,0.0,14.150943396226415,0.0,0.0,0.0,0.0,14.150943396226415,18.867924528301884,0.0,0.0,2.3584905660377355,0.0,0.0,4.716981132075471,0.0,0.0,0.0,0.0,0.0,2.3584905660377355,14.150943396226415,99.05660377358491,58.9622641509434,4.716981132075471,42.45283018867924,0.5504807692307693,4.21875,0.0,0.0,2.3584905660377355,2.3584905660377355,7.0754716981132075,0.0,7.0754716981132075,0.0,0.0,4.716981132075471,9.433962264150942,23.58490566037736,4.716981132075471,4.716981132075471,14.150943396226415,7.0754716981132075,2.3584905660377355,0.0,0.0,4.716981132075471,9.433962264150942,0.0,2.3584905660377355
285494,112.98076923076923,2.403846153846154,7.211538461538462,4.807692307692308,4.807692307692308,0.0,0.0,33.65384615384615,38.46153846153847,2.403846153846154,7.211538461538462,0.0,14.423076923076923,2.403846153846154,0.0,225.96153846153845,2.403846153846154,0.0,28.846153846153847,0.0,0.0,0.0,0.0,31.25,16.826923076923077,0.0,2.403846153846154,0.0,0.0,0.0,9.615384615384617,0.0,0.0,0.0,0.0,0.0,0.0,12.01923076923077,98.5576923076923,21.634615384615383,9.615384615384617,36.05769230769231,0.49148418491484186,4.318734793187348,2.403846153846154,0.0,0.0,0.0,2.403846153846154,0.0,0.0,0.0,0.0,0.0,0.0,2.403846153846154,2.403846153846154,4.807692307692308,2.403846153846154,0.0,0.0,0.0,2.403846153846154,19.230769230769234,26.442307692307693,0.0,0.0
289695,84.54106280193237,4.830917874396135,4.830917874396135,2.4154589371980677,2.4154589371980677,79.71014492753622,4.830917874396135,19.32367149758454,9.66183574879227,2.4154589371980677,9.66183574879227,0.0,9.66183574879227,19.32367149758454,0.0,229.46859903381642,7.246376811594203,0.0,28.985507246376812,0.0,0.0,0.0,2.4154589371980677,26.570048309178745,9.66183574879227,2.4154589371980677,2.4154589371980677,0.0,4.830917874396135,0.0,0.0,0.0,0.0,0.0,0.0,2.4154589371980677,0.0,9.66183574879227,106.28019323671498,45.893719806763286,4.830917874396135,41.06280193236715,0.5363408521303258,4.431077694235589,0.0,0.0,0.0,0.0,9.66183574879227,0.0,7.246376811594203,4.830917874396135,0.0,2.4154589371980677,0.0,36.231884057971016,0.0,0.0,7.246376811594203,0.0,0.0,0.0,0.0,24.154589371980677,16.908212560386474,0.0,7.246376811594203
291435,69.30693069306932,24.752475247524753,34.65346534653466,0.0,0.0,12.376237623762377,17.32673267326733,51.980198019801975,7.425742574257425,4.9504950495049505,2.4752475247524752,4.9504950495049505,14.85148514851485,19.801980198019802,2.4752475247524752,217.82178217821783,4.9504950495049505,0.0,19.801980198019802,0.0,0.0,0.0,2.4752475247524752,12.376237623762377,0.0,0.0,0.0,2.4752475247524752,2.4752475247524752,0.0,0.0,0.0,0.0,2.4752475247524752,0.0,0.0,2.4752475247524752,2.4752475247524752,84.15841584158416,56.93069306930693,7.425742574257425,39.603960396039604,0.5370843989769821,4.156010230179028,0.0,0.0,0.0,2.4752475247524752,2.4752475247524752,0.0,0.0,12.376237623762377,2.4752475247524752,2.4752475247524752,9.900990099009901,17.32673267326733,2.4752475247524752,2.4752475247524752,14.85148514851485,0.0,0.0,0.0,0.0,7.425742574257425,9.900990099009901,0.0,7.425742574257425
291613,101.20481927710844,16.867469879518072,0.0,4.819277108433735,4.819277108433735,43.373493975903614,0.0,9.63855421686747,19.27710843373494,4.819277108433735,7.228915662650603,4.819277108433735,12.048192771084338,16.867469879518072,0.0,187.95180722891567,4.819277108433735,2.4096385542168677,19.27710843373494,0.0,4.819277108433735,0.0,0.0,33.734939759036145,7.228915662650603,0.0,2.4096385542168677,7.228915662650603,2.4096385542168677,0.0,7.228915662650603,0.0,0.0,0.0,0.0,0.0,0.0,7.228915662650603,57.83132530120482,33.734939759036145,7.228915662650603,60.24096385542169,0.5110565110565111,4.375921375921376,0.0,7.228915662650603,0.0,0.0,12.048192771084338,0.0,4.819277108433735,4.819277108433735,0.0,4.819277108433735,4.819277108433735,19.27710843373494,4.819277108433735,9.63855421686747,4.819277108433735,0.0,0.0,0.0,0.0,4.819277108433735,21.686746987951807,2.4096385542168677,4.819277108433735
292180,86.53846153846153,9.615384615384617,9.615384615384617,12.01923076923077,0.0,9.615384615384617,0.0,57.69230769230769,0.0,0.0,0.0,0.0,0.0,21.634615384615383,0.0,245.19230769230768,12.01923076923077,2.403846153846154,24.03846153846154,0.0,4.807692307692308,0.0,0.0,4.807692307692308,9.615384615384617,0.0,0.0,0.0,0.0,0.0,0.0,0.0,0.0,0.0,0.0,0.0,0.0,21.634615384615383,103.36538461538461,40.86538461538461,2.403846153846154,62.5,0.5134474327628362,4.525672371638142,2.403846153846154,9.615384615384617,0.0,0.0,9.615384615384617,0.0,2.403846153846154,2.403846153846154,0.0,4.807692307692308,2.403846153846154,9.615384615384617,0.0,0.0,12.01923076923077,0.0,0.0,0.0,4.807692307692308,14.423076923076923,7.211538461538462,0.0,2.403846153846154
295281,75.98039215686273,7.352941176470588,31.862745098039213,4.901960784313726,2.450980392156863,26.96078431372549,2.450980392156863,39.21568627450981,19.607843137254903,4.901960784313726,7.352941176470588,0.0,7.352941176470588,0.0,2.450980392156863,215.68627450980392,7.352941176470588,2.450980392156863,19.607843137254903,0.0,0.0,0.0,0.0,19.607843137254903,2.450980392156863,0.0,2.450980392156863,0.0,0.0,2.450980392156863,2.450980392156863,0.0,0.0,2.450980392156863,0.0,0.0,2.450980392156863,14.705882352941176,90.68627450980392,49.01960784313725,9.803921568627452,49.01960784313725,0.5879396984924623,4.472361809045226,0.0,2.450980392156863,0.0,0.0,2.450980392156863,0.0,0.0,4.901960784313726,0.0,2.450980392156863,4.901960784313726,22.058823529411764,0.0,0.0,22.058823529411764,2.450980392156863,0.0,0.0,2.450980392156863,7.352941176470588,17.156862745098042,0.0,9.803921568627452
295432,111.63895486935867,23.752969121140143,9.501187648456057,4.750593824228028,0.0,102.1377672209026,2.375296912114014,23.752969121140143,21.377672209026127,7.125890736342043,7.125890736342043,4.750593824228028,23.752969121140143,2.375296912114014,0.0,152.0190023752969,2.375296912114014,0.0,30.878859857482183,2.375296912114014,2.375296912114014,0.0,4.750593824228028,19.002375296912113,16.6270783847981,2.375296912114014,0.0,0.0,0.0,0.0,0.0,0.0,0.0,0.0,0.0,0.0,11.876484560570072,4.750593824228028,83.1353919239905,26.128266033254157,2.375296912114014,104.51306413301663,0.46153846153846156,3.855769230769231,2.375296912114014,0.0,0.0,2.375296912114014,7.125890736342043,0.0,0.0,2.375296912114014,0.0,7.125890736342043,7.125890736342043,23.752969121140143,7.125890736342043,4.750593824228028,11.876484560570072,0.0,2.375296912114014,0.0,11.876484560570072,2.375296912114014,19.002375296912113,4.750593824228028,11.876484560570072
297830,96.61835748792271,7.246376811594203,0.0,4.830917874396135,0.0,60.386473429951685,0.0,79.71014492753622,9.66183574879227,2.4154589371980677,12.077294685990339,0.0,21.73913043478261,28.985507246376812,2.4154589371980677,176.32850241545896,2.4154589371980677,0.0,26.570048309178745,2.4154589371980677,4.830917874396135,0.0,2.4154589371980677,19.32367149758454,14.492753623188406,2.4154589371980677,0.0,0.0,14.492753623188406,2.4154589371980677,0.0,0.0,0.0,0.0,0.0,0.0,2.4154589371980677,19.32367149758454,135.2657004830918,33.81642512077295,0.0,38.64734299516908,0.4855072463768116,4.282608695652174,0.0,2.4154589371980677,0.0,4.830917874396135,4.830917874396135,0.0,0.0,2.4154589371980677,0.0,16.908212560386474,0.0,36.231884057971016,0.0,2.4154589371980677,0.0,0.0,0.0,0.0,2.4154589371980677,7.246376811594203,14.492753623188406,0.0,2.4154589371980677
298790,106.17283950617285,12.345679012345679,2.4691358024691357,2.4691358024691357,4.938271604938271,93.82716049382717,0.0,39.50617283950617,9.876543209876543,0.0,9.876543209876543,0.0,9.876543209876543,14.814814814814815,2.4691358024691357,192.59259259259258,2.4691358024691357,0.0,24.691358024691358,0.0,9.876543209876543,0.0,2.4691358024691357,19.753086419753085,4.938271604938271,0.0,0.0,4.938271604938271,0.0,0.0,0.0,0.0,0.0,0.0,0.0,0.0,0.0,14.814814814814815,101.23456790123457,46.91358024691358,4.938271604938271,56.79012345679013,0.5301507537688442,4.130653266331659,0.0,4.938271604938271,0.0,0.0,9.876543209876543,0.0,2.4691358024691357,4.938271604938271,0.0,0.0,2.4691358024691357,29.62962962962963,4.938271604938271,2.4691358024691357,7.407407407407407,2.4691358024691357,2.4691358024691357,0.0,4.938271604938271,7.407407407407407,17.28395061728395,0.0,9.876543209876543
299032,74.07407407407408,9.876543209876543,9.876543209876543,2.4691358024691357,0.0,7.407407407407407,4.938271604938271,27.160493827160494,4.938271604938271,0.0,0.0,0.0,19.753086419753085,27.160493827160494,4.938271604938271,274.0740740740741,0.0,0.0,29.62962962962963,0.0,2.4691358024691357,0.0,0.0,17.28395061728395,7.407407407407407,0.0,4.938271604938271,2.4691358024691357,14.814814814814815,0.0,0.0,0.0,0.0,2.4691358024691357,0.0,0.0,0.0,7.407407407407407,101.23456790123457,88.88888888888889,14.814814814814815,27.160493827160494,0.5939849624060151,4.644110275689223,2.4691358024691357,2.4691358024691357,0.0,4.938271604938271,2.4691358024691357,0.0,2.4691358024691357,0.0,2.4691358024691357,0.0,2.4691358024691357,7.407407407407407,2.4691358024691357,4.938271604938271,0.0,0.0,0.0,0.0,0.0,14.814814814814815,4.938271604938271,0.0,2.4691358024691357
299902,116.04938271604938,7.407407407407407,19.753086419753085,2.4691358024691357,0.0,76.54320987654322,12.345679012345679,27.160493827160494,4.938271604938271,7.407407407407407,7.407407407407407,0.0,22.22222222222222,22.22222222222222,2.4691358024691357,202.46913580246914,2.4691358024691357,0.0,24.691358024691358,0.0,2.4691358024691357,0.0,2.4691358024691357,22.22222222222222,7.407407407407407,0.0,0.0,0.0,2.4691358024691357,0.0,0.0,0.0,0.0,0.0,0.0,0.0,0.0,4.938271604938271,93.82716049382717,34.5679012345679,9.876543209876543,34.5679012345679,0.5238095238095238,4.2556390977443606,0.0,0.0,2.4691358024691357,0.0,7.407407407407407,2.4691358024691357,0.0,0.0,0.0,4.938271604938271,7.407407407407407,34.5679012345679,12.345679012345679,2.4691358024691357,9.876543209876543,0.0,7.407407407407407,0.0,4.938271604938271,2.4691358024691357,27.160493827160494,0.0,2.4691358024691357
301824,77.85888077858881,2.4330900243309004,4.866180048661801,4.866180048661801,0.0,94.8905109489051,0.0,4.866180048661801,14.598540145985401,0.0,4.866180048661801,0.0,9.732360097323602,4.866180048661801,0.0,214.1119221411192,0.0,0.0,19.464720194647203,0.0,0.0,0.0,0.0,21.897810218978105,14.598540145985401,2.4330900243309004,0.0,4.866180048661801,0.0,0.0,0.0,0.0,0.0,0.0,0.0,0.0,2.4330900243309004,17.0316301703163,107.0559610705596,53.5279805352798,2.4330900243309004,63.26034063260341,0.5318627450980392,4.142156862745098,0.0,0.0,7.299270072992701,0.0,9.732360097323602,0.0,0.0,2.4330900243309004,0.0,4.866180048661801,0.0,14.598540145985401,2.4330900243309004,2.4330900243309004,4.866180048661801,0.0,0.0,0.0,0.0,4.866180048661801,7.299270072992701,0.0,2.4330900243309004
31261,71.25890736342043,11.876484560570072,35.62945368171022,4.750593824228028,2.375296912114014,73.63420427553444,26.128266033254157,33.2541567695962,14.251781472684087,2.375296912114014,4.750593824228028,0.0,9.501187648456057,11.876484560570072,0.0,190.02375296912115,9.501187648456057,0.0,42.75534441805225,0.0,0.0,0.0,0.0,42.75534441805225,4.750593824228028,0.0,2.375296912114014,0.0,2.375296912114014,0.0,0.0,0.0,0.0,0.0,0.0,0.0,2.375296912114014,4.750593824228028,97.38717339667458,35.62945368171022,2.375296912114014,61.75771971496437,0.5452322738386308,4.310513447432763,0.0,0.0,2.375296912114014,0.0,9.501187648456057,0.0,2.375296912114014,0.0,0.0,4.750593824228028,7.125890736342043,30.878859857482183,4.750593824228028,2.375296912114014,19.002375296912113,2.375296912114014,0.0,0.0,0.0,4.750593824228028,7.125890736342043,2.375296912114014,16.6270783847981
31951,68.9655172413793,12.315270935960593,34.48275862068965,9.852216748768473,2.4630541871921183,27.093596059113302,9.852216748768473,39.40886699507389,4.926108374384237,12.315270935960593,4.926108374384237,4.926108374384237,17.241379310344826,14.778325123152708,4.926108374384237,204.43349753694582,0.0,0.0,22.167487684729064,0.0,0.0,0.0,2.4630541871921183,39.40886699507389,19.704433497536947,2.4630541871921183,0.0,2.4630541871921183,0.0,0.0,0.0,0.0,0.0,2.4630541871921183,2.4630541871921183,0.0,0.0,12.315270935960593,71.42857142857143,34.48275862068965,4.926108374384237,78.81773399014779,0.5728900255754475,4.465473145780051,2.4630541871921183,2.4630541871921183,0.0,0.0,4.926108374384237,0.0,0.0,9.852216748768473,0.0,0.0,4.926108374384237,9.852216748768473,4.926108374384237,2.4630541871921183,27.093596059113302,0.0,2.4630541871921183,2.4630541871921183,4.926108374384237,4.926108374384237,9.852216748768473,0.0,9.852216748768473
36188,74.8792270531401,16.908212560386474,0.0,2.4154589371980677,7.246376811594203,0.0,7.246376811594203,43.47826086956522,24.154589371980677,0.0,2.4154589371980677,0.0,19.32367149758454,16.908212560386474,4.830917874396135,229.46859903381642,9.66183574879227,4.830917874396135,9.66183574879227,0.0,4.830917874396135,0.0,0.0,14.492753623188406,7.246376811594203,0.0,0.0,0.0,9.66183574879227,0.0,4.830917874396135,0.0,0.0,0.0,0.0,0.0,0.0,4.830917874396135,113.52657004830918,65.21739130434783,0.0,57.971014492753625,0.49264705882352944,4.625,2.4154589371980677,0.0,0.0,0.0,14.492753623188406,0.0,0.0,4.830917874396135,0.0,4.830917874396135,0.0,16.908212560386474,2.4154589371980677,0.0,2.4154589371980677,0.0,0.0,0.0,7.246376811594203,12.077294685990339,7.246376811594203,0.0,7.246376811594203
36866,86.95652173913044,12.077294685990339,2.4154589371980677,0.0,0.0,48.309178743961354,0.0,9.66183574879227,19.32367149758454,2.4154589371980677,4.830917874396135,0.0,19.32367149758454,19.32367149758454,4.830917874396135,227.05314009661836,4.830917874396135,2.4154589371980677,26.570048309178745,2.4154589371980677,2.4154589371980677,0.0,0.0,21.73913043478261,9.66183574879227,0.0,2.4154589371980677,2.4154589371980677,12.077294685990339,2.4154589371980677,0.0,0.0,2.4154589371980677,0.0,0.0,0.0,0.0,2.4154589371980677,96.61835748792271,67.6328502415459,4.830917874396135,36.231884057971016,0.5085995085995086,4.641277641277641,2.4154589371980677,4.830917874396135,0.0,2.4154589371980677,7.246376811594203,0.0,2.4154589371980677,2.4154589371980677,0.0,12.077294685990339,2.4154589371980677,12.077294685990339,0.0,0.0,12.077294685990339,0.0,0.0,0.0,0.0,9.66183574879227,14.492753623188406,0.0,12.077294685990339
3835,110.29411764705883,2.450980392156863,0.0,7.352941176470588,2.450980392156863,83.33333333333333,2.450980392156863,12.254901960784313,31.862745098039213,0.0,2.450980392156863,0.0,12.254901960784313,4.901960784313726,0.0,193.62745098039215,2.450980392156863,0.0,22.058823529411764,0.0,4.901960784313726,0.0,0.0,17.156862745098042,2.450980392156863,0.0,0.0,4.901960784313726,0.0,0.0,0.0,0.0,0.0,0.0,0.0,0.0,4.901960784313726,14.705882352941176,102.94117647058823,53.92156862745098,4.901960784313726,41.666666666666664,0.48157248157248156,4.041769041769042,2.450980392156863,2.450980392156863,2.450980392156863,0.0,12.254901960784313,0.0,7.352941176470588,0.0,0.0,7.352941176470588,7.352941176470588,31.862745098039213,0.0,2.450980392156863,0.0,4.901960784313726,0.0,0.0,0.0,4.901960784313726,22.058823529411764,4.901960784313726,0.0
40088,94.43099273607749,26.634382566585955,19.37046004842615,12.106537530266344,4.842615012106537,96.85230024213075,7.263922518159807,12.106537530266344,16.949152542372882,0.0,14.527845036319613,0.0,31.476997578692497,16.949152542372882,2.4213075060532687,145.27845036319613,4.842615012106537,0.0,36.31961259079903,0.0,2.4213075060532687,0.0,2.4213075060532687,21.791767554479417,7.263922518159807,0.0,0.0,0.0,12.106537530266344,0.0,0.0,0.0,0.0,0.0,0.0,0.0,4.842615012106537,19.37046004842615,92.00968523002422,33.898305084745765,12.106537530266344,50.84745762711865,0.49135802469135803,4.246913580246914,0.0,2.4213075060532687,2.4213075060532687,0.0,7.263922518159807,0.0,4.842615012106537,7.263922518159807,0.0,9.685230024213075,7.263922518159807,31.476997578692497,4.842615012106537,2.4213075060532687,16.949152542372882,2.4213075060532687,0.0,0.0,4.842615012106537,19.37046004842615,24.213075060532688,0.0,4.842615012106537
41960,64.74820143884892,9.592326139088728,33.57314148681055,9.592326139088728,0.0,23.980815347721823,2.398081534772182,7.194244604316547,16.786570743405274,7.194244604316547,0.0,0.0,4.796163069544364,26.378896882494004,4.796163069544364,275.77937649880096,4.796163069544364,0.0,33.57314148681055,0.0,0.0,0.0,2.398081534772182,16.786570743405274,0.0,2.398081534772182,2.398081534772182,0.0,2.398081534772182,0.0,0.0,0.0,0.0,0.0,0.0,0.0,2.398081534772182,4.796163069544364,117.50599520383693,50.35971223021583,9.592326139088728,16.786570743405274,0.551980198019802,4.74009900990099,2.398081534772182,0.0,0.0,0.0,4.796163069544364,0.0,4.796163069544364,0.0,0.0,7.194244604316547,4.796163069544364,7.194244604316547,0.0,4.796163069544364,14.388489208633095,0.0,0.0,0.0,2.398081534772182,2.398081534772182,11.990407673860911,2.398081534772182,2.398081534772182
42065,24.875621890547265,32.33830845771144,92.03980099502488,9.950248756218905,2.487562189054726,119.40298507462687,0.0,0.0,12.437810945273633,0.0,7.462686567164179,0.0,14.925373134328359,0.0,7.462686567164179,161.69154228855723,2.487562189054726,2.487562189054726,27.36318407960199,0.0,0.0,0.0,4.975124378109452,24.875621890547265,2.487562189054726,0.0,0.0,0.0,4.975124378109452,0.0,0.0,0.0,0.0,0.0,0.0,0.0,2.487562189054726,4.975124378109452,92.03980099502488,32.33830845771144,7.462686567164179,62.18905472636816,0.5459317585301837,3.9501312335958003,0.0,2.487562189054726,0.0,0.0,2.487562189054726,0.0,14.925373134328359,0.0,0.0,17.412935323383085,0.0,29.850746268656717,0.0,4.975124378109452,52.23880597014925,0.0,2.487562189054726,0.0,4.975124378109452,4.975124378109452,32.33830845771144,0.0,2.487562189054726
42521,86.53846153846153,28.846153846153847,16.826923076923077,4.807692307692308,2.403846153846154,79.32692307692307,9.615384615384617,21.634615384615383,19.230769230769234,2.403846153846154,2.403846153846154,0.0,2.403846153846154,24.03846153846154,4.807692307692308,185.09615384615387,4.807692307692308,7.211538461538462,28.846153846153847,0.0,9.615384615384617,0.0,0.0,12.01923076923077,7.211538461538462,0.0,0.0,0.0,0.0,0.0,2.403846153846154,0.0,0.0,0.0,0.0,2.403846153846154,0.0,12.01923076923077,110.57692307692307,33.65384615384615,7.211538461538462,36.05769230769231,0.49261083743842365,4.204433497536946,0.0,0.0,0.0,0.0,7.211538461538462,0.0,0.0,9.615384615384617,0.0,2.403846153846154,4.807692307692308,24.03846153846154,0.0,0.0,12.01923076923077,4.807692307692308,0.0,0.0,2.403846153846154,4.807692307692308,21.634615384615383,4.807692307692308,14.423076923076923
44779,65.53398058252426,9.70873786407767,26.699029126213592,9.70873786407767,0.0,84.95145631067962,2.4271844660194173,29.12621359223301,9.70873786407767,2.4271844660194173,0.0,0.0,12.135922330097086,19.41747572815534,7.281553398058253,186.89320388349515,7.281553398058253,0.0,19.41747572815534,0.0,2.4271844660194173,0.0,0.0,19.41747572815534,12.135922330097086,0.0,4.854368932038835,0.0,4.854368932038835,0.0,0.0,0.0,0.0,0.0,0.0,0.0,2.4271844660194173,9.70873786407767,121.35922330097088,43.689320388349515,14.563106796116505,55.8252427184466,0.5405405405405406,4.098280098280099,0.0,4.854368932038835,0.0,2.4271844660194173,2.4271844660194173,0.0,4.854368932038835,4.854368932038835,0.0,2.4271844660194173,7.281553398058253,41.2621359223301,4.854368932038835,2.4271844660194173,12.135922330097086,2.4271844660194173,2.4271844660194173,0.0,0.0,4.854368932038835,14.563106796116505,0.0,7.281553398058253
45625,140.4358353510896,4.842615012106537,0.0,2.4213075060532687,4.842615012106537,77.4818401937046,0.0,7.263922518159807,38.7409200968523,2.4213075060532687,7.263922518159807,2.4213075060532687,14.527845036319613,7.263922518159807,0.0,154.9636803874092,7.263922518159807,0.0,43.583535108958834,0.0,7.263922518159807,0.0,4.842615012106537,16.949152542372882,12.106537530266344,2.4213075060532687,0.0,0.0,4.842615012106537,4.842615012106537,0.0,0.0,0.0,0.0,0.0,0.0,2.4213075060532687,29.055690072639226,79.90314769975787,31.476997578692497,7.263922518159807,87.16707021791767,0.47665847665847666,4.066339066339066,0.0,2.4213075060532687,2.4213075060532687,2.4213075060532687,9.685230024213075,0.0,4.842615012106537,7.263922518159807,0.0,2.4213075060532687,0.0,21.791767554479417,0.0,7.263922518159807,14.527845036319613,2.4213075060532687,0.0,0.0,2.4213075060532687,9.685230024213075,26.634382566585955,0.0,12.106537530266344
48393,114.42786069651741,9.950248756218905,0.0,0.0,4.975124378109452,0.0,0.0,101.99004975124377,19.90049751243781,2.487562189054726,4.975124378109452,4.975124378109452,9.950248756218905,7.462686567164179,9.950248756218905,176.61691542288557,2.487562189054726,0.0,17.412935323383085,2.487562189054726,4.975124378109452,0.0,0.0,34.82587064676617,4.975124378109452,0.0,0.0,2.487562189054726,0.0,0.0,0.0,0.0,0.0,0.0,0.0,0.0,0.0,14.925373134328359,101.99004975124377,44.776119402985074,7.462686567164179,69.65174129353234,0.5125,4.24,2.487562189054726,2.487562189054726,0.0,0.0,17.412935323383085,0.0,0.0,2.487562189054726,0.0,7.462686567164179,0.0,24.875621890547265,2.487562189054726,7.462686567164179,2.487562189054726,0.0,0.0,0.0,2.487562189054726,19.90049751243781,14.925373134328359,0.0,2.487562189054726
50826,120.48192771084338,21.686746987951807,14.457831325301205,2.4096385542168677,9.63855421686747,93.97590361445783,0.0,24.096385542168676,24.096385542168676,4.819277108433735,4.819277108433735,2.4096385542168677,14.457831325301205,14.457831325301205,0.0,190.36144578313252,2.4096385542168677,0.0,24.096385542168676,0.0,9.63855421686747,2.4096385542168677,0.0,12.048192771084338,4.819277108433735,0.0,0.0,2.4096385542168677,2.4096385542168677,4.819277108433735,4.819277108433735,0.0,0.0,0.0,0.0,0.0,2.4096385542168677,21.686746987951807,74.6987951807229,50.60240963855422,2.4096385542168677,69.87951807228916,0.5365853658536586,4.2073170731707314,0.0,0.0,0.0,0.0,9.63855421686747,0.0,2.4096385542168677,2.4096385542168677,0.0,0.0,2.4096385542168677,26.50602409638554,7.228915662650603,2.4096385542168677,12.048192771084338,2.4096385542168677,0.0,0.0,4.819277108433735,9.63855421686747,33.734939759036145,0.0,7.228915662650603
51526,75.60975609756098,4.878048780487805,7.317073170731708,0.0,0.0,2.4390243902439024,12.195121951219512,46.34146341463415,2.4390243902439024,0.0,0.0,0.0,12.195121951219512,14.634146341463415,4.878048780487805,285.36585365853654,7.317073170731708,7.317073170731708,12.195121951219512,0.0,2.4390243902439024,0.0,0.0,12.195121951219512,4.878048780487805,2.4390243902439024,2.4390243902439024,0.0,2.4390243902439024,0.0,4.878048780487805,0.0,0.0,2.4390243902439024,0.0,0.0,0.0,9.75609756097561,124.39024390243902,60.97560975609756,2.4390243902439024,14.634146341463415,0.5,4.598039215686274,0.0,2.4390243902439024,0.0,0.0,2.4390243902439024,0.0,0.0,0.0,0.0,2.4390243902439024,2.4390243902439024,7.317073170731708,2.4390243902439024,0.0,0.0,0.0,0.0,0.0,2.4390243902439024,12.195121951219512,9.75609756097561,0.0,0.0
52648,102.1377672209026,38.00475059382423,2.375296912114014,4.750593824228028,2.375296912114014,0.0,4.750593824228028,59.38242280285035,16.6270783847981,2.375296912114014,0.0,0.0,28.503562945368174,9.501187648456057,0.0,218.52731591448932,11.876484560570072,2.375296912114014,26.128266033254157,0.0,4.750593824228028,0.0,0.0,21.377672209026127,4.750593824228028,2.375296912114014,0.0,0.0,21.377672209026127,0.0,0.0,0.0,2.375296912114014,0.0,0.0,2.375296912114014,2.375296912114014,4.750593824228028,102.1377672209026,38.00475059382423,11.876484560570072,45.13064133016627,0.5095693779904307,4.251196172248804,0.0,2.375296912114014,0.0,4.750593824228028,0.0,0.0,2.375296912114014,4.750593824228028,0.0,0.0,2.375296912114014,14.251781472684087,0.0,7.125890736342043,0.0,2.375296912114014,0.0,0.0,2.375296912114014,7.125890736342043,9.501187648456057,4.750593824228028,0.0
52654,70.5596107055961,0.0,38.929440389294406,0.0,2.4330900243309004,24.330900243309003,38.929440389294406,19.464720194647203,9.732360097323602,0.0,0.0,0.0,7.299270072992701,19.464720194647203,2.4330900243309004,204.37956204379563,14.598540145985401,4.866180048661801,21.897810218978105,0.0,4.866180048661801,0.0,0.0,24.330900243309003,2.4330900243309004,0.0,2.4330900243309004,0.0,4.866180048661801,0.0,0.0,0.0,0.0,0.0,0.0,0.0,2.4330900243309004,21.897810218978105,80.2919708029197,63.26034063260341,7.299270072992701,41.3625304136253,0.5623471882640587,4.640586797066015,0.0,2.4330900243309004,0.0,4.866180048661801,4.866180048661801,0.0,0.0,0.0,2.4330900243309004,9.732360097323602,7.299270072992701,9.732360097323602,4.866180048661801,0.0,0.0,0.0,0.0,0.0,0.0,21.897810218978105,14.598540145985401,0.0,0.0
53126,111.38613861386139,4.9504950495049505,0.0,4.9504950495049505,2.4752475247524752,2.4752475247524752,0.0,61.88118811881188,2.4752475247524752,0.0,7.425742574257425,0.0,19.801980198019802,17.32673267326733,7.425742574257425,272.2772277227723,7.425742574257425,2.4752475247524752,9.900990099009901,0.0,0.0,0.0,0.0,12.376237623762377,2.4752475247524752,0.0,4.9504950495049505,0.0,4.9504950495049505,0.0,4.9504950495049505,0.0,0.0,0.0,0.0,0.0,0.0,22.277227722772277,103.96039603960395,54.45544554455446,4.9504950495049505,22.277227722772277,0.554726368159204,4.609452736318408,0.0,0.0,0.0,0.0,2.4752475247524752,0.0,2.4752475247524752,0.0,0.0,2.4752475247524752,0.0,14.85148514851485,2.4752475247524752,0.0,0.0,2.4752475247524752,0.0,0.0,0.0,24.752475247524753,9.900990099009901,0.0,0.0
53736,133.00492610837438,14.778325123152708,0.0,4.926108374384237,2.4630541871921183,108.37438423645321,4.926108374384237,14.778325123152708,22.167487684729064,2.4630541871921183,17.241379310344826,2.4630541871921183,27.093596059113302,7.389162561576354,2.4630541871921183,152.70935960591135,2.4630541871921183,0.0,24.630541871921185,2.4630541871921183,0.0,0.0,7.389162561576354,22.167487684729064,7.389162561576354,0.0,0.0,0.0,7.389162561576354,0.0,0.0,0.0,0.0,0.0,0.0,0.0,2.4630541871921183,19.704433497536947,100.98522167487685,24.630541871921185,7.389162561576354,61.576354679802954,0.5228426395939086,4.144670050761421,0.0,0.0,0.0,0.0,12.315270935960593,0.0,4.926108374384237,4.926108374384237,0.0,12.315270935960593,2.4630541871921183,22.167487684729064,0.0,0.0,7.389162561576354,0.0,2.4630541871921183,0.0,7.389162561576354,7.389162561576354,14.778325123152708,9.852216748768473,7.389162561576354
5420,74.81296758104739,19.950124688279303,17.456359102244388,9.975062344139651,2.493765586034913,2.493765586034913,0.0,12.468827930174564,34.912718204488776,0.0,7.481296758104738,0.0,12.468827930174564,24.93765586034913,2.493765586034913,241.89526184538653,9.975062344139651,0.0,12.468827930174564,0.0,0.0,0.0,0.0,17.456359102244388,2.493765586034913,2.493765586034913,0.0,0.0,4.987531172069826,0.0,2.493765586034913,0.0,0.0,0.0,0.0,0.0,2.493765586034913,17.456359102244388,104.73815461346634,57.356608478803,0.0,47.38154613466334,0.5758354755784062,4.832904884318766,2.493765586034913,2.493765586034913,0.0,4.987531172069826,2.493765586034913,0.0,0.0,4.987531172069826,0.0,2.493765586034913,4.987531172069826,7.481296758104738,2.493765586034913,2.493765586034913,14.962593516209475,0.0,0.0,0.0,7.481296758104738,19.950124688279303,7.481296758104738,0.0,2.493765586034913
54268,55.28846153846153,4.807692307692308,24.03846153846154,4.807692307692308,0.0,79.32692307692307,9.615384615384617,7.211538461538462,16.826923076923077,2.403846153846154,0.0,0.0,24.03846153846154,7.211538461538462,0.0,221.15384615384613,0.0,0.0,28.846153846153847,2.403846153846154,2.403846153846154,0.0,0.0,26.442307692307693,12.01923076923077,2.403846153846154,0.0,0.0,7.211538461538462,0.0,4.807692307692308,0.0,0.0,2.403846153846154,0.0,0.0,0.0,12.01923076923077,88.9423076923077,45.67307692307692,7.211538461538462,74.51923076923077,0.5282555282555282,4.437346437346437,2.403846153846154,16.826923076923077,4.807692307692308,0.0,16.826923076923077,4.807692307692308,0.0,16.826923076923077,0.0,0.0,0.0,9.615384615384617,0.0,0.0,9.615384615384617,0.0,0.0,2.403846153846154,2.403846153846154,2.403846153846154,9.615384615384617,0.0,4.807692307692308
54645,108.91089108910892,29.7029702970297,12.376237623762377,12.376237623762377,0.0,89.10891089108911,0.0,22.277227722772277,14.85148514851485,4.9504950495049505,7.425742574257425,0.0,24.752475247524753,29.7029702970297,2.4752475247524752,165.84158415841586,9.900990099009901,0.0,24.752475247524753,4.9504950495049505,0.0,0.0,0.0,9.900990099009901,9.900990099009901,4.9504950495049505,2.4752475247524752,0.0,12.376237623762377,0.0,0.0,0.0,0.0,0.0,0.0,0.0,2.4752475247524752,14.85148514851485,113.86138613861387,34.65346534653466,2.4752475247524752,44.554455445544555,0.5367088607594936,4.4,0.0,2.4752475247524752,0.0,7.425742574257425,2.4752475247524752,0.0,2.4752475247524752,7.425742574257425,0.0,0.0,9.900990099009901,17.32673267326733,0.0,4.9504950495049505,17.32673267326733,2.4752475247524752,7.425742574257425,0.0,2.4752475247524752,9.900990099009901,17.32673267326733,14.85148514851485,7.425742574257425
55778,93.59605911330048,0.0,2.4630541871921183,7.389162561576354,0.0,142.85714285714286,2.4630541871921183,0.0,22.167487684729064,0.0,12.315270935960593,0.0,9.852216748768473,17.241379310344826,2.4630541871921183,142.85714285714286,9.852216748768473,2.4630541871921183,27.093596059113302,0.0,2.4630541871921183,2.4630541871921183,0.0,36.94581280788178,7.389162561576354,0.0,0.0,0.0,4.926108374384237,0.0,0.0,0.0,0.0,0.0,0.0,0.0,2.4630541871921183,9.852216748768473,96.0591133004926,41.87192118226601,19.704433497536947,51.724137931034484,0.49242424242424243,3.8964646464646466,2.4630541871921183,0.0,0.0,0.0,7.389162561576354,0.0,0.0,7.389162561576354,0.0,14.778325123152708,0.0,22.167487684729064,0.0,0.0,24.630541871921185,0.0,2.4630541871921183,0.0,2.4630541871921183,7.389162561576354,24.630541871921185,0.0,9.852216748768473
61334,74.34052757793765,43.16546762589928,0.0,7.194244604316547,16.786570743405274,0.0,0.0,52.75779376498801,7.194244604316547,0.0,0.0,0.0,4.796163069544364,9.592326139088728,4.796163069544364,294.9640287769784,0.0,0.0,9.592326139088728,0.0,0.0,0.0,0.0,14.388489208633095,9.592326139088728,0.0,0.0,2.398081534772182,0.0,0.0,2.398081534772182,0.0,0.0,0.0,0.0,0.0,2.398081534772182,9.592326139088728,112.70983213429255,59.95203836930456,4.796163069544364,43.16546762589928,0.5665024630541872,4.741379310344827,2.398081534772182,0.0,0.0,0.0,7.194244604316547,4.796163069544364,2.398081534772182,0.0,0.0,0.0,0.0,2.398081534772182,0.0,0.0,0.0,0.0,0.0,0.0,4.796163069544364,16.786570743405274,9.592326139088728,9.592326139088728,0.0
61596,116.33663366336634,32.17821782178218,29.7029702970297,2.4752475247524752,4.9504950495049505,118.8118811881188,12.376237623762377,22.277227722772277,4.9504950495049505,2.4752475247524752,0.0,0.0,12.376237623762377,7.425742574257425,4.9504950495049505,178.21782178217822,9.900990099009901,0.0,29.7029702970297,0.0,0.0,0.0,0.0,19.801980198019802,7.425742574257425,0.0,0.0,0.0,7.425742574257425,0.0,0.0,0.0,0.0,0.0,0.0,0.0,4.9504950495049505,9.900990099009901,99.00990099009901,4.9504950495049505,4.9504950495049505,79.20792079207921,0.49743589743589745,3.8794871794871795,0.0,0.0,0.0,0.0,2.4752475247524752,0.0,9.900990099009901,0.0,0.0,2.4752475247524752,12.376237623762377,24.752475247524753,4.9504950495049505,2.4752475247524752,24.752475247524753,2.4752475247524752,0.0,0.0,4.9504950495049505,7.425742574257425,9.900990099009901,0.0,9.900990099009901
6306,77.11442786069651,19.90049751243781,22.388059701492537,4.975124378109452,0.0,114.42786069651741,7.462686567164179,47.2636815920398,0.0,2.487562189054726,0.0,0.0,19.90049751243781,14.925373134328359,4.975124378109452,174.12935323383087,7.462686567164179,2.487562189054726,19.90049751243781,0.0,0.0,0.0,0.0,12.437810945273633,2.487562189054726,0.0,0.0,0.0,14.925373134328359,0.0,2.487562189054726,0.0,0.0,0.0,0.0,0.0,2.487562189054726,9.950248756218905,101.99004975124377,37.31343283582089,0.0,62.18905472636816,0.4837905236907731,3.9625935162094765,0.0,4.975124378109452,0.0,0.0,9.950248756218905,0.0,0.0,4.975124378109452,0.0,0.0,9.950248756218905,34.82587064676617,2.487562189054726,4.975124378109452,2.487562189054726,2.487562189054726,0.0,0.0,2.487562189054726,22.388059701492537,17.412935323383085,0.0,12.437810945273633
65101,97.01492537313433,12.437810945273633,7.462686567164179,4.975124378109452,4.975124378109452,54.72636815920398,0.0,7.462686567164179,19.90049751243781,4.975124378109452,4.975124378109452,0.0,14.925373134328359,14.925373134328359,2.487562189054726,203.98009950248755,4.975124378109452,2.487562189054726,29.850746268656717,2.487562189054726,0.0,4.975124378109452,2.487562189054726,19.90049751243781,9.950248756218905,0.0,2.487562189054726,0.0,7.462686567164179,0.0,0.0,0.0,0.0,0.0,0.0,0.0,0.0,9.950248756218905,97.01492537313433,72.13930348258707,14.925373134328359,54.72636815920398,0.5634517766497462,4.527918781725888,0.0,0.0,2.487562189054726,0.0,9.950248756218905,0.0,2.487562189054726,0.0,0.0,0.0,4.975124378109452,12.437810945273633,4.975124378109452,2.487562189054726,9.950248756218905,0.0,0.0,0.0,2.487562189054726,19.90049751243781,24.875621890547265,2.487562189054726,4.975124378109452
68990,131.70731707317074,7.317073170731708,2.4390243902439024,4.878048780487805,0.0,119.51219512195121,2.4390243902439024,21.95121951219512,14.634146341463415,2.4390243902439024,4.878048780487805,0.0,12.195121951219512,4.878048780487805,2.4390243902439024,200.0,2.4390243902439024,2.4390243902439024,24.390243902439025,2.4390243902439024,4.878048780487805,0.0,4.878048780487805,9.75609756097561,4.878048780487805,0.0,0.0,0.0,4.878048780487805,0.0,0.0,0.0,0.0,0.0,0.0,0.0,0.0,17.073170731707318,102.4390243902439,31.70731707317073,2.4390243902439024,46.34146341463415,0.5256723716381418,4.193154034229829,2.4390243902439024,2.4390243902439024,4.878048780487805,0.0,7.317073170731708,0.0,0.0,0.0,0.0,4.878048780487805,2.4390243902439024,41.463414634146346,4.878048780487805,0.0,2.4390243902439024,2.4390243902439024,0.0,0.0,7.317073170731708,7.317073170731708,36.58536585365854,0.0,0.0
70759,113.25301204819277,16.867469879518072,2.4096385542168677,4.819277108433735,2.4096385542168677,103.61445783132531,0.0,4.819277108433735,19.27710843373494,2.4096385542168677,9.63855421686747,0.0,19.27710843373494,14.457831325301205,9.63855421686747,178.3132530120482,0.0,0.0,21.686746987951807,0.0,4.819277108433735,0.0,2.4096385542168677,12.048192771084338,7.228915662650603,0.0,0.0,4.819277108433735,4.819277108433735,0.0,0.0,0.0,0.0,0.0,0.0,0.0,7.228915662650603,21.686746987951807,86.74698795180723,43.373493975903614,2.4096385542168677,62.65060240963856,0.529126213592233,4.254854368932039,4.819277108433735,4.819277108433735,0.0,0.0,16.867469879518072,0.0,0.0,2.4096385542168677,0.0,0.0,0.0,24.096385542168676,0.0,4.819277108433735,2.4096385542168677,2.4096385542168677,2.4096385542168677,0.0,2.4096385542168677,7.228915662650603,24.096385542168676,0.0,2.4096385542168677
71683,67.96116504854369,2.4271844660194173,33.980582524271846,14.563106796116505,0.0,31.553398058252426,26.699029126213592,16.990291262135923,33.980582524271846,9.70873786407767,4.854368932038835,0.0,9.70873786407767,24.271844660194173,0.0,196.60194174757282,12.135922330097086,2.4271844660194173,21.844660194174757,0.0,0.0,0.0,0.0,24.271844660194173,4.854368932038835,0.0,4.854368932038835,0.0,0.0,0.0,0.0,0.0,0.0,0.0,0.0,0.0,0.0,4.854368932038835,111.6504854368932,26.699029126213592,0.0,65.53398058252426,0.518796992481203,4.370927318295739,0.0,7.281553398058253,4.854368932038835,4.854368932038835,4.854368932038835,2.4271844660194173,2.4271844660194173,7.281553398058253,0.0,4.854368932038835,16.990291262135923,19.41747572815534,2.4271844660194173,0.0,24.271844660194173,2.4271844660194173,2.4271844660194173,2.4271844660194173,7.281553398058253,9.70873786407767,14.563106796116505,0.0,9.70873786407767
71812,102.18978102189782,17.0316301703163,9.732360097323602,2.4330900243309004,0.0,9.732360097323602,7.299270072992701,24.330900243309003,14.598540145985401,0.0,2.4330900243309004,0.0,29.197080291970803,7.299270072992701,0.0,243.30900243309003,9.732360097323602,0.0,9.732360097323602,0.0,0.0,0.0,0.0,17.0316301703163,0.0,0.0,0.0,0.0,2.4330900243309004,0.0,14.598540145985401,0.0,0.0,4.866180048661801,0.0,0.0,0.0,14.598540145985401,107.0559610705596,55.961070559610704,4.866180048661801,43.79562043795621,0.5626535626535627,4.643734643734644,4.866180048661801,0.0,2.4330900243309004,0.0,4.866180048661801,0.0,2.4330900243309004,0.0,0.0,0.0,4.866180048661801,7.299270072992701,2.4330900243309004,2.4330900243309004,4.866180048661801,0.0,0.0,0.0,9.732360097323602,14.598540145985401,7.299270072992701,2.4330900243309004,7.299270072992701
71856,108.64197530864197,12.345679012345679,12.345679012345679,2.4691358024691357,2.4691358024691357,74.07407407407408,39.50617283950617,2.4691358024691357,19.753086419753085,2.4691358024691357,7.407407407407407,0.0,17.28395061728395,4.938271604938271,2.4691358024691357,175.30864197530866,27.160493827160494,0.0,22.22222222222222,0.0,7.407407407407407,0.0,0.0,19.753086419753085,0.0,0.0,4.938271604938271,0.0,4.938271604938271,2.4691358024691357,0.0,0.0,0.0,0.0,0.0,0.0,2.4691358024691357,14.814814814814815,83.95061728395062,46.91358024691358,9.876543209876543,44.44444444444444,0.5012594458438288,4.302267002518891,0.0,2.4691358024691357,2.4691358024691357,0.0,4.938271604938271,0.0,0.0,2.4691358024691357,2.4691358024691357,0.0,2.4691358024691357,41.97530864197531,0.0,4.938271604938271,4.938271604938271,0.0,0.0,0.0,2.4691358024691357,14.814814814814815,14.814814814814815,0.0,9.876543209876543
72335,117.22488038277513,2.3923444976076556,0.0,19.138755980861244,4.784688995215311,100.47846889952153,0.0,47.84688995215311,9.569377990430622,0.0,4.784688995215311,2.3923444976076556,4.784688995215311,16.74641148325359,2.3923444976076556,179.42583732057415,2.3923444976076556,0.0,16.74641148325359,0.0,2.3923444976076556,0.0,0.0,16.74641148325359,16.74641148325359,0.0,0.0,2.3923444976076556,4.784688995215311,0.0,0.0,0.0,0.0,0.0,0.0,0.0,2.3923444976076556,19.138755980861244,100.47846889952153,19.138755980861244,4.784688995215311,71.77033492822966,0.5483091787439613,4.4396135265700485,0.0,4.784688995215311,0.0,0.0,4.784688995215311,0.0,0.0,4.784688995215311,0.0,0.0,2.3923444976076556,7.177033492822967,0.0,0.0,9.569377990430622,2.3923444976076556,0.0,0.0,0.0,4.784688995215311,21.5311004784689,2.3923444976076556,7.177033492822967
73710,81.9277108433735,2.4096385542168677,2.4096385542168677,7.228915662650603,2.4096385542168677,69.87951807228916,2.4096385542168677,14.457831325301205,31.32530120481928,2.4096385542168677,0.0,7.228915662650603,12.048192771084338,4.819277108433735,0.0,202.40963855421688,14.457831325301205,0.0,26.50602409638554,2.4096385542168677,4.819277108433735,0.0,0.0,33.734939759036145,14.457831325301205,0.0,2.4096385542168677,0.0,2.4096385542168677,0.0,0.0,0.0,0.0,0.0,0.0,0.0,0.0,12.048192771084338,86.74698795180723,45.78313253012048,2.4096385542168677,40.96385542168675,0.46601941747572817,4.007281553398058,7.228915662650603,0.0,0.0,0.0,12.048192771084338,0.0,0.0,7.228915662650603,0.0,4.819277108433735,2.4096385542168677,26.50602409638554,0.0,2.4096385542168677,7.228915662650603,0.0,0.0,0.0,4.819277108433735,4.819277108433735,12.048192771084338,0.0,4.819277108433735
74990,64.5933014354067,16.74641148325359,43.0622009569378,2.3923444976076556,0.0,26.31578947368421,11.961722488038278,33.49282296650718,7.177033492822967,2.3923444976076556,0.0,0.0,31.10047846889952,9.569377990430622,2.3923444976076556,263.1578947368421,2.3923444976076556,2.3923444976076556,16.74641148325359,0.0,0.0,0.0,0.0,11.961722488038278,4.784688995215311,7.177033492822967,0.0,0.0,19.138755980861244,0.0,2.3923444976076556,0.0,0.0,2.3923444976076556,0.0,0.0,0.0,7.177033492822967,90.9090909090909,40.66985645933014,7.177033492822967,26.31578947368421,0.5472154963680388,4.573849878934625,0.0,0.0,0.0,2.3923444976076556,0.0,0.0,11.961722488038278,4.784688995215311,0.0,0.0,2.3923444976076556,33.49282296650718,2.3923444976076556,2.3923444976076556,2.3923444976076556,0.0,0.0,0.0,4.784688995215311,11.961722488038278,14.354066985645934,0.0,2.3923444976076556
78215,91.35802469135803,24.691358024691358,9.876543209876543,0.0,0.0,7.407407407407407,2.4691358024691357,32.098765432098766,12.345679012345679,2.4691358024691357,2.4691358024691357,0.0,29.62962962962963,14.814814814814815,0.0,229.62962962962962,7.407407407407407,0.0,14.814814814814815,0.0,0.0,0.0,0.0,14.814814814814815,12.345679012345679,2.4691358024691357,0.0,2.4691358024691357,7.407407407407407,0.0,0.0,0.0,0.0,0.0,0.0,0.0,2.4691358024691357,9.876543209876543,108.64197530864197,34.5679012345679,4.938271604938271,64.19753086419753,0.5642317380352645,4.521410579345088,0.0,0.0,0.0,2.4691358024691357,4.938271604938271,0.0,2.4691358024691357,0.0,0.0,7.407407407407407,0.0,7.407407407407407,4.938271604938271,0.0,4.938271604938271,0.0,0.0,0.0,0.0,4.938271604938271,14.814814814814815,2.4691358024691357,7.407407407407407
7873,103.86473429951691,14.492753623188406,0.0,0.0,0.0,0.0,0.0,70.04830917874396,2.4154589371980677,0.0,4.830917874396135,0.0,12.077294685990339,14.492753623188406,0.0,212.56038647342996,14.492753623188406,0.0,26.570048309178745,0.0,4.830917874396135,0.0,2.4154589371980677,31.40096618357488,0.0,0.0,0.0,0.0,7.246376811594203,2.4154589371980677,0.0,0.0,0.0,0.0,0.0,0.0,2.4154589371980677,16.908212560386474,120.77294685990337,45.893719806763286,14.492753623188406,31.40096618357488,0.4830097087378641,4.597087378640777,0.0,0.0,0.0,0.0,2.4154589371980677,0.0,0.0,9.66183574879227,0.0,0.0,0.0,31.40096618357488,7.246376811594203,9.66183574879227,2.4154589371980677,0.0,0.0,0.0,4.830917874396135,9.66183574879227,14.492753623188406,2.4154589371980677,4.830917874396135
78998,115.76354679802955,17.241379310344826,27.093596059113302,12.315270935960593,2.4630541871921183,113.30049261083744,4.926108374384237,34.48275862068965,12.315270935960593,4.926108374384237,7.389162561576354,0.0,17.241379310344826,9.852216748768473,0.0,165.02463054187191,2.4630541871921183,0.0,24.630541871921185,2.4630541871921183,2.4630541871921183,0.0,2.4630541871921183,19.704433497536947,17.241379310344826,2.4630541871921183,0.0,0.0,2.4630541871921183,0.0,0.0,0.0,0.0,0.0,0.0,0.0,0.0,14.778325123152708,73.89162561576356,9.852216748768473,4.926108374384237,78.81773399014779,0.5340050377833753,3.952141057934509,2.4630541871921183,7.389162561576354,0.0,0.0,14.778325123152708,0.0,2.4630541871921183,0.0,0.0,0.0,4.926108374384237,39.40886699507389,4.926108374384237,2.4630541871921183,22.167487684729064,4.926108374384237,2.4630541871921183,0.0,2.4630541871921183,7.389162561576354,19.704433497536947,12.315270935960593,4.926108374384237
81368,82.1256038647343,12.077294685990339,0.0,2.4154589371980677,7.246376811594203,82.1256038647343,0.0,0.0,7.246376811594203,2.4154589371980677,0.0,2.4154589371980677,9.66183574879227,26.570048309178745,4.830917874396135,239.13043478260872,4.830917874396135,2.4154589371980677,7.246376811594203,2.4154589371980677,0.0,0.0,0.0,2.4154589371980677,2.4154589371980677,7.246376811594203,0.0,2.4154589371980677,2.4154589371980677,0.0,0.0,0.0,0.0,0.0,0.0,0.0,0.0,16.908212560386474,118.35748792270532,65.21739130434783,0.0,45.893719806763286,0.5843520782396088,4.581907090464548,2.4154589371980677,2.4154589371980677,0.0,2.4154589371980677,0.0,0.0,7.246376811594203,4.830917874396135,0.0,2.4154589371980677,2.4154589371980677,14.492753623188406,2.4154589371980677,2.4154589371980677,12.077294685990339,0.0,0.0,0.0,9.66183574879227,9.66183574879227,4.830917874396135,2.4154589371980677,0.0
82414,87.47044917257683,37.825059101654844,0.0,0.0,9.456264775413711,0.0,0.0,80.37825059101655,7.092198581560283,0.0,0.0,0.0,18.912529550827422,18.912529550827422,2.3640661938534278,226.95035460992906,4.7281323877068555,0.0,23.64066193853428,0.0,14.184397163120567,0.0,0.0,33.09692671394799,9.456264775413711,0.0,0.0,0.0,4.7281323877068555,0.0,9.456264775413711,0.0,0.0,0.0,0.0,0.0,0.0,4.7281323877068555,101.6548463356974,40.189125295508276,4.7281323877068555,44.917257683215134,0.47494033412887826,4.3460620525059666,2.3640661938534278,0.0,0.0,0.0,11.82033096926714,0.0,0.0,0.0,0.0,4.7281323877068555,2.3640661938534278,18.912529550827422,2.3640661938534278,2.3640661938534278,0.0,0.0,0.0,0.0,4.7281323877068555,21.27659574468085,26.004728132387708,0.0,7.092198581560283
86334,104.4776119402985,4.975124378109452,9.950248756218905,0.0,0.0,7.462686567164179,0.0,97.01492537313433,14.925373134328359,4.975124378109452,4.975124378109452,2.487562189054726,17.412935323383085,9.950248756218905,4.975124378109452,181.59203980099502,2.487562189054726,0.0,29.850746268656717,0.0,4.975124378109452,4.975124378109452,0.0,29.850746268656717,9.950248756218905,0.0,0.0,4.975124378109452,7.462686567164179,0.0,0.0,0.0,0.0,0.0,0.0,0.0,0.0,14.925373134328359,82.08955223880596,39.80099502487562,14.925373134328359,44.776119402985074,0.4961832061068702,4.402035623409669,2.487562189054726,0.0,0.0,0.0,7.462686567164179,0.0,2.487562189054726,2.487562189054726,0.0,12.437810945273633,4.975124378109452,19.90049751243781,2.487562189054726,0.0,12.437810945273633,0.0,0.0,0.0,0.0,4.975124378109452,27.36318407960199,2.487562189054726,7.462686567164179
87670,104.51306413301663,9.501187648456057,0.0,4.750593824228028,4.750593824228028,0.0,0.0,130.64133016627076,14.251781472684087,0.0,0.0,2.375296912114014,19.002375296912113,14.251781472684087,9.501187648456057,171.021377672209,2.375296912114014,0.0,23.752969121140143,0.0,0.0,0.0,4.750593824228028,30.878859857482183,4.750593824228028,2.375296912114014,0.0,2.375296912114014,4.750593824228028,0.0,2.375296912114014,0.0,0.0,0.0,0.0,0.0,2.375296912114014,21.377672209026127,111.63895486935867,35.62945368171022,2.375296912114014,49.8812351543943,0.47073170731707314,4.2317073170731705,0.0,0.0,0.0,0.0,9.501187648456057,0.0,0.0,9.501187648456057,0.0,2.375296912114014,2.375296912114014,35.62945368171022,2.375296912114014,0.0,11.876484560570072,2.375296912114014,2.375296912114014,0.0,4.750593824228028,16.6270783847981,16.6270783847981,2.375296912114014,11.876484560570072
87936,120.1923076923077,2.403846153846154,7.211538461538462,9.615384615384617,0.0,105.76923076923077,2.403846153846154,2.403846153846154,19.230769230769234,2.403846153846154,0.0,7.211538461538462,19.230769230769234,12.01923076923077,4.807692307692308,168.26923076923077,9.615384615384617,0.0,16.826923076923077,0.0,0.0,0.0,9.615384615384617,26.442307692307693,9.615384615384617,0.0,0.0,0.0,0.0,0.0,0.0,0.0,0.0,0.0,0.0,0.0,0.0,12.01923076923077,72.11538461538461,33.65384615384615,4.807692307692308,67.3076923076923,0.5585365853658537,4.168292682926829,0.0,0.0,0.0,0.0,2.403846153846154,0.0,7.211538461538462,7.211538461538462,0.0,4.807692307692308,0.0,26.442307692307693,0.0,0.0,12.01923076923077,2.403846153846154,0.0,0.0,4.807692307692308,7.211538461538462,24.03846153846154,0.0,7.211538461538462
90094,89.77556109725685,37.406483790523694,14.962593516209475,0.0,4.987531172069826,7.481296758104738,9.975062344139651,42.394014962593516,7.481296758104738,2.493765586034913,4.987531172069826,0.0,7.481296758104738,22.443890274314214,2.493765586034913,201.99501246882792,4.987531172069826,0.0,14.962593516209475,2.493765586034913,4.987531172069826,0.0,0.0,27.43142144638404,7.481296758104738,0.0,0.0,0.0,0.0,0.0,2.493765586034913,0.0,0.0,0.0,0.0,4.987531172069826,2.493765586034913,12.468827930174564,82.29426433915212,34.912718204488776,7.481296758104738,62.34413965087282,0.5064935064935064,4.71948051948052,0.0,0.0,0.0,0.0,12.468827930174564,0.0,4.987531172069826,2.493765586034913,0.0,0.0,2.493765586034913,29.92518703241895,7.481296758104738,0.0,17.456359102244388,2.493765586034913,0.0,0.0,14.962593516209475,4.987531172069826,17.456359102244388,0.0,9.975062344139651
91270,131.06796116504853,9.70873786407767,4.854368932038835,7.281553398058253,2.4271844660194173,80.09708737864078,12.135922330097086,21.844660194174757,19.41747572815534,4.854368932038835,9.70873786407767,0.0,29.12621359223301,4.854368932038835,0.0,162.62135922330097,4.854368932038835,2.4271844660194173,24.271844660194173,0.0,0.0,0.0,0.0,29.12621359223301,4.854368932038835,0.0,2.4271844660194173,0.0,4.854368932038835,2.4271844660194173,0.0,0.0,0.0,0.0,0.0,0.0,4.854368932038835,9.70873786407767,80.09708737864078,26.699029126213592,0.0,84.95145631067962,0.5061728395061729,3.995061728395062,0.0,0.0,4.854368932038835,0.0,19.41747572815534,0.0,0.0,2.4271844660194173,2.4271844660194173,2.4271844660194173,9.70873786407767,24.271844660194173,2.4271844660194173,12.135922330097086,14.563106796116505,0.0,0.0,0.0,4.854368932038835,9.70873786407767,36.40776699029126,0.0,12.135922330097086
92620,104.4776119402985,24.875621890547265,0.0,2.487562189054726,0.0,0.0,0.0,94.5273631840796,4.975124378109452,9.950248756218905,4.975124378109452,0.0,22.388059701492537,24.875621890547265,2.487562189054726,194.02985074626866,0.0,0.0,34.82587064676617,0.0,2.487562189054726,2.487562189054726,0.0,19.90049751243781,12.437810945273633,0.0,0.0,0.0,9.950248756218905,0.0,0.0,0.0,0.0,0.0,0.0,0.0,0.0,7.462686567164179,97.01492537313433,39.80099502487562,12.437810945273633,64.67661691542288,0.5025,4.235,2.487562189054726,7.462686567164179,0.0,0.0,14.925373134328359,0.0,4.975124378109452,0.0,0.0,7.462686567164179,4.975124378109452,19.90049751243781,0.0,9.950248756218905,0.0,0.0,0.0,0.0,2.487562189054726,4.975124378109452,12.437810945273633,0.0,7.462686567164179
9326,66.5083135391924,11.876484560570072,0.0,0.0,0.0,0.0,0.0,54.63182897862233,4.750593824228028,0.0,0.0,0.0,11.876484560570072,30.878859857482183,4.750593824228028,256.53206650831356,4.750593824228028,0.0,16.6270783847981,0.0,0.0,2.375296912114014,0.0,26.128266033254157,9.501187648456057,0.0,0.0,0.0,0.0,0.0,2.375296912114014,0.0,0.0,2.375296912114014,0.0,0.0,2.375296912114014,4.750593824228028,118.7648456057007,45.13064133016627,4.750593824228028,64.13301662707839,0.5851318944844125,4.870503597122302,4.750593824228028,0.0,0.0,9.501187648456057,2.375296912114014,0.0,0.0,0.0,0.0,7.125890736342043,4.750593824228028,11.876484560570072,2.375296912114014,2.375296912114014,0.0,0.0,0.0,2.375296912114014,4.750593824228028,21.377672209026127,7.125890736342043,0.0,4.750593824228028
93748,82.1256038647343,2.4154589371980677,2.4154589371980677,14.492753623188406,0.0,2.4154589371980677,0.0,79.71014492753622,0.0,4.830917874396135,0.0,0.0,24.154589371980677,7.246376811594203,2.4154589371980677,251.20772946859904,4.830917874396135,0.0,19.32367149758454,2.4154589371980677,0.0,0.0,2.4154589371980677,19.32367149758454,9.66183574879227,0.0,0.0,0.0,2.4154589371980677,0.0,4.830917874396135,0.0,2.4154589371980677,0.0,0.0,0.0,0.0,12.077294685990339,111.1111111111111,62.80193236714976,0.0,45.893719806763286,0.5341463414634147,4.480487804878049,2.4154589371980677,0.0,0.0,2.4154589371980677,7.246376811594203,0.0,2.4154589371980677,0.0,0.0,0.0,4.830917874396135,14.492753623188406,2.4154589371980677,2.4154589371980677,0.0,0.0,0.0,0.0,4.830917874396135,19.32367149758454,14.492753623188406,0.0,0.0
94833,86.848635235732,12.40694789081886,2.4813895781637716,2.4813895781637716,4.962779156327543,2.4813895781637716,0.0,76.92307692307693,4.962779156327543,0.0,0.0,0.0,7.444168734491315,9.925558312655086,7.444168734491315,245.6575682382134,7.444168734491315,0.0,14.88833746898263,0.0,7.444168734491315,0.0,2.4813895781637716,12.40694789081886,22.332506203473944,2.4813895781637716,2.4813895781637716,0.0,4.962779156327543,0.0,0.0,0.0,0.0,0.0,0.0,0.0,0.0,19.851116625310173,86.848635235732,42.183622828784124,4.962779156327543,32.25806451612903,0.5475,4.625,2.4813895781637716,2.4813895781637716,0.0,0.0,2.4813895781637716,0.0,0.0,9.925558312655086,0.0,9.925558312655086,0.0,29.77667493796526,7.444168734491315,0.0,2.4813895781637716,0.0,0.0,0.0,4.962779156327543,9.925558312655086,4.962779156327543,0.0,0.0
95143,85.995085995086,27.027027027027028,0.0,0.0,12.285012285012284,0.0,0.0,31.94103194103194,12.285012285012284,0.0,2.457002457002457,0.0,22.11302211302211,19.656019656019655,7.371007371007371,213.75921375921376,12.285012285012284,2.457002457002457,7.371007371007371,0.0,2.457002457002457,0.0,0.0,31.94103194103194,12.285012285012284,2.457002457002457,0.0,2.457002457002457,12.285012285012284,7.371007371007371,2.457002457002457,0.0,0.0,0.0,0.0,0.0,4.914004914004914,14.742014742014742,105.65110565110565,66.33906633906633,0.0,36.85503685503686,0.5425,4.82,0.0,2.457002457002457,0.0,4.914004914004914,2.457002457002457,4.914004914004914,0.0,2.457002457002457,0.0,0.0,2.457002457002457,7.371007371007371,4.914004914004914,4.914004914004914,0.0,0.0,0.0,0.0,4.914004914004914,17.1990171990172,2.457002457002457,0.0,0.0
96016,91.58415841584159,7.425742574257425,7.425742574257425,9.900990099009901,0.0,89.10891089108911,0.0,32.17821782178218,4.9504950495049505,2.4752475247524752,14.85148514851485,4.9504950495049505,12.376237623762377,9.900990099009901,14.85148514851485,200.49504950495052,2.4752475247524752,0.0,22.277227722772277,0.0,4.9504950495049505,0.0,0.0,17.32673267326733,17.32673267326733,0.0,0.0,2.4752475247524752,0.0,0.0,7.425742574257425,0.0,0.0,0.0,0.0,0.0,0.0,19.801980198019802,103.96039603960395,29.7029702970297,14.85148514851485,66.83168316831683,0.5454545454545454,4.320707070707071,2.4752475247524752,0.0,0.0,2.4752475247524752,4.9504950495049505,2.4752475247524752,0.0,2.4752475247524752,2.4752475247524752,2.4752475247524752,4.9504950495049505,22.277227722772277,7.425742574257425,0.0,14.85148514851485,2.4752475247524752,2.4752475247524752,0.0,4.9504950495049505,12.376237623762377,17.32673267326733,0.0,12.376237623762377
99220,121.8905472636816,19.90049751243781,7.462686567164179,9.950248756218905,4.975124378109452,116.91542288557214,14.925373134328359,14.925373134328359,4.975124378109452,0.0,12.437810945273633,7.462686567164179,24.875621890547265,4.975124378109452,2.487562189054726,149.25373134328356,0.0,0.0,32.33830845771144,2.487562189054726,4.975124378109452,0.0,0.0,39.80099502487562,9.950248756218905,0.0,0.0,0.0,4.975124378109452,0.0,0.0,0.0,0.0,0.0,0.0,0.0,0.0,14.925373134328359,74.62686567164178,27.36318407960199,4.975124378109452,97.01492537313433,0.543859649122807,4.022556390977444,2.487562189054726,0.0,0.0,0.0,4.975124378109452,0.0,2.487562189054726,2.487562189054726,2.487562189054726,0.0,4.975124378109452,19.90049751243781,0.0,2.487562189054726,4.975124378109452,0.0,0.0,0.0,4.975124378109452,17.412935323383085,19.90049751243781,9.950248756218905,2.487562189054726
99686,78.04878048780488,21.95121951219512,31.70731707317073,9.75609756097561,7.317073170731708,107.3170731707317,29.26829268292683,19.51219512195122,4.878048780487805,4.878048780487805,2.4390243902439024,7.317073170731708,14.634146341463415,12.195121951219512,0.0,195.1219512195122,9.75609756097561,0.0,17.073170731707318,0.0,0.0,0.0,0.0,24.390243902439025,4.878048780487805,0.0,2.4390243902439024,2.4390243902439024,0.0,2.4390243902439024,2.4390243902439024,0.0,0.0,0.0,0.0,0.0,2.4390243902439024,4.878048780487805,90.24390243902438,43.90243902439024,7.317073170731708,43.90243902439024,0.5185185185185185,4.254320987654321,0.0,2.4390243902439024,0.0,0.0,2.4390243902439024,0.0,2.4390243902439024,9.75609756097561,0.0,7.317073170731708,12.195121951219512,29.26829268292683,14.634146341463415,2.4390243902439024,2.4390243902439024,0.0,0.0,0.0,7.317073170731708,2.4390243902439024,7.317073170731708,0.0,4.878048780487805
103712,104.73815461346634,9.975062344139651,0.0,2.493765586034913,0.0,64.83790523690773,0.0,32.418952618453865,14.962593516209475,0.0,7.481296758104738,0.0,7.481296758104738,7.481296758104738,2.493765586034913,167.08229426433914,4.987531172069826,2.493765586034913,34.912718204488776,4.987531172069826,2.493765586034913,0.0,2.493765586034913,22.443890274314214,4.987531172069826,0.0,2.493765586034913,2.493765586034913,2.493765586034913,0.0,0.0,0.0,0.0,0.0,0.0,0.0,2.493765586034913,14.962593516209475,107.23192019950125,57.356608478803,19.950124688279303,72.31920199501248,0.531328320802005,4.260651629072682,4.987531172069826,2.493765586034913,7.481296758104738,0.0,27.43142144638404,0.0,4.987531172069826,2.493765586034913,0.0,0.0,2.493765586034913,34.912718204488776,2.493765586034913,4.987531172069826,4.987531172069826,4.987531172069826,0.0,0.0,2.493765586034913,32.418952618453865,32.418952618453865,0.0,4.987531172069826
104036,80.2919708029197,9.732360097323602,0.0,0.0,2.4330900243309004,0.0,0.0,72.992700729927,2.4330900243309004,0.0,0.0,0.0,7.299270072992701,21.897810218978105,4.866180048661801,282.2384428223844,2.4330900243309004,2.4330900243309004,17.0316301703163,0.0,2.4330900243309004,0.0,2.4330900243309004,24.330900243309003,4.866180048661801,2.4330900243309004,0.0,0.0,4.866180048661801,0.0,0.0,0.0,0.0,0.0,0.0,0.0,0.0,7.299270072992701,109.48905109489051,70.5596107055961,4.866180048661801,26.7639902676399,0.5467980295566502,4.911330049261084,2.4330900243309004,4.866180048661801,0.0,2.4330900243309004,2.4330900243309004,0.0,2.4330900243309004,2.4330900243309004,0.0,4.866180048661801,2.4330900243309004,29.197080291970803,0.0,0.0,0.0,2.4330900243309004,0.0,0.0,2.4330900243309004,21.897810218978105,12.165450121654501,0.0,0.0
105881,115.19607843137254,19.607843137254903,9.803921568627452,7.352941176470588,2.450980392156863,132.35294117647058,4.901960784313726,26.96078431372549,2.450980392156863,4.901960784313726,2.450980392156863,2.450980392156863,29.41176470588235,14.705882352941176,0.0,166.66666666666666,2.450980392156863,0.0,17.156862745098042,0.0,0.0,0.0,2.450980392156863,22.058823529411764,9.803921568627452,0.0,0.0,0.0,12.254901960784313,0.0,0.0,0.0,0.0,0.0,0.0,0.0,2.450980392156863,14.705882352941176,75.98039215686273,26.96078431372549,7.352941176470588,63.725490196078425,0.5594936708860759,4.141772151898734,0.0,0.0,0.0,0.0,4.901960784313726,0.0,4.901960784313726,2.450980392156863,0.0,17.156862745098042,2.450980392156863,34.313725490196084,4.901960784313726,2.450980392156863,26.96078431372549,4.901960784313726,0.0,0.0,12.254901960784313,14.705882352941176,29.41176470588235,0.0,9.803921568627452
106028,2.493765586034913,4.987531172069826,109.72568578553616,4.987531172069826,2.493765586034913,104.73815461346634,7.481296758104738,17.456359102244388,9.975062344139651,0.0,7.481296758104738,2.493765586034913,12.468827930174564,9.975062344139651,0.0,221.94513715710724,7.481296758104738,0.0,29.92518703241895,0.0,0.0,0.0,0.0,4.987531172069826,4.987531172069826,0.0,0.0,2.493765586034913,2.493765586034913,0.0,2.493765586034913,0.0,0.0,0.0,0.0,0.0,0.0,12.468827930174564,109.72568578553616,32.418952618453865,7.481296758104738,34.912718204488776,0.5322997416020672,4.023255813953488,0.0,0.0,2.493765586034913,0.0,12.468827930174564,0.0,0.0,9.975062344139651,0.0,0.0,2.493765586034913,4.987531172069826,0.0,0.0,29.92518703241895,0.0,0.0,0.0,2.493765586034913,9.975062344139651,27.43142144638404,0.0,2.493765586034913
107269,120.48192771084338,12.048192771084338,2.4096385542168677,9.63855421686747,12.048192771084338,0.0,0.0,108.43373493975903,9.63855421686747,2.4096385542168677,4.819277108433735,0.0,9.63855421686747,9.63855421686747,0.0,224.0963855421687,0.0,2.4096385542168677,14.457831325301205,2.4096385542168677,2.4096385542168677,0.0,2.4096385542168677,16.867469879518072,14.457831325301205,0.0,2.4096385542168677,7.228915662650603,0.0,0.0,0.0,0.0,0.0,2.4096385542168677,0.0,0.0,2.4096385542168677,14.457831325301205,93.97590361445783,48.19277108433735,4.819277108433735,43.373493975903614,0.5474452554744526,4.37956204379562,0.0,0.0,0.0,0.0,0.0,0.0,2.4096385542168677,4.819277108433735,0.0,2.4096385542168677,4.819277108433735,24.096385542168676,9.63855421686747,2.4096385542168677,9.63855421686747,0.0,0.0,0.0,7.228915662650603,2.4096385542168677,24.096385542168676,0.0,4.819277108433735
108485,80.2919708029197,0.0,14.598540145985401,9.732360097323602,0.0,107.0559610705596,12.165450121654501,55.961070559610704,9.732360097323602,2.4330900243309004,4.866180048661801,0.0,12.165450121654501,4.866180048661801,2.4330900243309004,109.48905109489051,0.0,2.4330900243309004,12.165450121654501,0.0,2.4330900243309004,0.0,2.4330900243309004,26.7639902676399,19.464720194647203,0.0,0.0,0.0,0.0,0.0,0.0,0.0,0.0,0.0,0.0,0.0,2.4330900243309004,7.299270072992701,92.45742092457421,21.897810218978105,2.4330900243309004,102.18978102189782,0.4825,3.8425,0.0,0.0,0.0,2.4330900243309004,21.897810218978105,2.4330900243309004,0.0,12.165450121654501,0.0,26.7639902676399,4.866180048661801,36.4963503649635,4.866180048661801,0.0,24.330900243309003,0.0,2.4330900243309004,0.0,12.165450121654501,0.0,19.464720194647203,0.0,19.464720194647203
109349,106.17283950617285,7.407407407407407,0.0,12.345679012345679,0.0,108.64197530864197,0.0,12.345679012345679,14.814814814814815,2.4691358024691357,9.876543209876543,0.0,14.814814814814815,4.938271604938271,4.938271604938271,153.08641975308643,4.938271604938271,0.0,27.160493827160494,2.4691358024691357,4.938271604938271,0.0,2.4691358024691357,27.160493827160494,14.814814814814815,0.0,0.0,2.4691358024691357,7.407407407407407,0.0,0.0,0.0,0.0,0.0,0.0,0.0,2.4691358024691357,22.22222222222222,83.95061728395062,37.03703703703704,9.876543209876543,61.72839506172839,0.5202020202020202,4.275252525252525,0.0,0.0,0.0,0.0,9.876543209876543,0.0,7.407407407407407,7.407407407407407,0.0,17.28395061728395,2.4691358024691357,37.03703703703704,4.938271604938271,4.938271604938271,22.22222222222222,0.0,0.0,0.0,4.938271604938271,17.28395061728395,19.753086419753085,0.0,7.407407407407407
113967,51.21951219512195,24.390243902439025,46.34146341463415,0.0,7.317073170731708,117.07317073170732,0.0,2.4390243902439024,39.02439024390244,0.0,0.0,0.0,12.195121951219512,19.51219512195122,4.878048780487805,190.2439024390244,0.0,0.0,19.51219512195122,0.0,4.878048780487805,0.0,0.0,7.317073170731708,4.878048780487805,2.4390243902439024,2.4390243902439024,0.0,7.317073170731708,2.4390243902439024,0.0,0.0,0.0,0.0,0.0,0.0,0.0,12.195121951219512,95.1219512195122,41.463414634146346,4.878048780487805,63.41463414634146,0.45161290322580644,3.930521091811414,0.0,0.0,0.0,0.0,9.75609756097561,2.4390243902439024,7.317073170731708,0.0,0.0,17.073170731707318,19.51219512195122,21.95121951219512,0.0,2.4390243902439024,9.75609756097561,0.0,0.0,0.0,2.4390243902439024,14.634146341463415,19.51219512195122,0.0,2.4390243902439024
114778,118.8118811881188,4.9504950495049505,0.0,7.425742574257425,4.9504950495049505,118.8118811881188,0.0,4.9504950495049505,24.752475247524753,2.4752475247524752,7.425742574257425,0.0,12.376237623762377,14.85148514851485,2.4752475247524752,168.31683168316832,2.4752475247524752,4.9504950495049505,27.22772277227723,0.0,0.0,0.0,2.4752475247524752,22.277227722772277,14.85148514851485,0.0,2.4752475247524752,2.4752475247524752,2.4752475247524752,0.0,0.0,0.0,0.0,2.4752475247524752,2.4752475247524752,0.0,2.4752475247524752,14.85148514851485,69.30693069306932,56.93069306930693,9.900990099009901,51.980198019801975,0.582089552238806,4.286069651741293,0.0,0.0,0.0,0.0,0.0,0.0,2.4752475247524752,4.9504950495049505,4.9504950495049505,0.0,2.4752475247524752,22.277227722772277,2.4752475247524752,0.0,2.4752475247524752,2.4752475247524752,0.0,0.0,0.0,9.900990099009901,17.32673267326733,0.0,2.4752475247524752
115189,102.24438902743142,7.481296758104738,32.418952618453865,9.975062344139651,0.0,19.950124688279303,4.987531172069826,52.36907730673317,7.481296758104738,7.481296758104738,4.987531172069826,0.0,19.950124688279303,2.493765586034913,0.0,249.37655860349128,0.0,0.0,22.443890274314214,2.493765586034913,0.0,0.0,0.0,19.950124688279303,7.481296758104738,2.493765586034913,0.0,0.0,2.493765586034913,0.0,2.493765586034913,0.0,0.0,0.0,0.0,0.0,0.0,14.962593516209475,74.81296758104739,37.406483790523694,9.975062344139651,54.86284289276808,0.5026041666666666,4.322916666666667,4.987531172069826,0.0,2.493765586034913,0.0,7.481296758104738,0.0,2.493765586034913,2.493765586034913,0.0,0.0,4.987531172069826,19.950124688279303,4.987531172069826,2.493765586034913,24.93765586034913,0.0,2.493765586034913,0.0,2.493765586034913,0.0,17.456359102244388,0.0,7.481296758104738
116191,81.4814814814815,4.938271604938271,2.4691358024691357,0.0,2.4691358024691357,91.35802469135803,0.0,4.938271604938271,14.814814814814815,2.4691358024691357,0.0,0.0,12.345679012345679,22.22222222222222,0.0,209.87654320987653,2.4691358024691357,0.0,12.345679012345679,0.0,2.4691358024691357,0.0,0.0,41.97530864197531,14.814814814814815,0.0,0.0,0.0,0.0,0.0,0.0,0.0,0.0,0.0,0.0,0.0,2.4691358024691357,2.4691358024691357,86.41975308641975,64.19753086419753,4.938271604938271,46.91358024691358,0.565,4.45,2.4691358024691357,0.0,0.0,2.4691358024691357,4.938271604938271,0.0,2.4691358024691357,0.0,0.0,4.938271604938271,0.0,17.28395061728395,0.0,2.4691358024691357,4.938271604938271,0.0,0.0,2.4691358024691357,2.4691358024691357,22.22222222222222,22.22222222222222,2.4691358024691357,2.4691358024691357
120061,121.06537530266344,12.106537530266344,0.0,7.263922518159807,2.4213075060532687,0.0,0.0,65.37530266343826,21.791767554479417,2.4213075060532687,16.949152542372882,0.0,12.106537530266344,7.263922518159807,4.842615012106537,167.07021791767554,9.685230024213075,0.0,31.476997578692497,0.0,9.685230024213075,0.0,0.0,29.055690072639226,2.4213075060532687,0.0,0.0,2.4213075060532687,7.263922518159807,0.0,0.0,0.0,0.0,0.0,0.0,0.0,7.263922518159807,19.37046004842615,70.2179176755448,29.055690072639226,12.106537530266344,77.4818401937046,0.48292682926829267,4.353658536585366,0.0,0.0,2.4213075060532687,4.842615012106537,7.263922518159807,0.0,0.0,0.0,2.4213075060532687,2.4213075060532687,0.0,29.055690072639226,2.4213075060532687,9.685230024213075,0.0,2.4213075060532687,0.0,0.0,7.263922518159807,14.527845036319613,21.791767554479417,4.842615012106537,0.0
121222,74.62686567164178,9.950248756218905,0.0,9.950248756218905,0.0,0.0,0.0,49.75124378109453,14.925373134328359,7.462686567164179,2.487562189054726,0.0,27.36318407960199,12.437810945273633,0.0,236.318407960199,12.437810945273633,0.0,17.412935323383085,4.975124378109452,9.950248756218905,2.487562189054726,0.0,12.437810945273633,7.462686567164179,2.487562189054726,2.487562189054726,0.0,7.462686567164179,0.0,9.950248756218905,0.0,0.0,0.0,0.0,0.0,0.0,7.462686567164179,104.4776119402985,74.62686567164178,2.487562189054726,42.28855721393035,0.5511221945137157,4.496259351620948,0.0,0.0,2.487562189054726,2.487562189054726,9.950248756218905,0.0,9.950248756218905,4.975124378109452,0.0,22.388059701492537,12.437810945273633,12.437810945273633,4.975124378109452,2.487562189054726,0.0,2.487562189054726,4.975124378109452,0.0,0.0,12.437810945273633,9.950248756218905,2.487562189054726,2.487562189054726
1213,90.9090909090909,17.1990171990172,2.457002457002457,2.457002457002457,4.914004914004914,0.0,2.457002457002457,63.88206388206388,19.656019656019655,2.457002457002457,2.457002457002457,0.0,4.914004914004914,19.656019656019655,2.457002457002457,240.78624078624077,7.371007371007371,2.457002457002457,29.484029484029485,0.0,0.0,0.0,0.0,9.828009828009828,7.371007371007371,0.0,0.0,0.0,0.0,0.0,0.0,0.0,0.0,0.0,0.0,0.0,0.0,14.742014742014742,120.39312039312038,39.31203931203931,2.457002457002457,66.33906633906633,0.547979797979798,4.333333333333333,0.0,7.371007371007371,2.457002457002457,0.0,7.371007371007371,0.0,0.0,2.457002457002457,0.0,2.457002457002457,0.0,14.742014742014742,0.0,4.914004914004914,12.285012285012284,0.0,0.0,0.0,4.914004914004914,17.1990171990172,17.1990171990172,0.0,9.828009828009828
121362,113.02211302211303,7.371007371007371,2.457002457002457,0.0,2.457002457002457,51.597051597051596,0.0,17.1990171990172,9.828009828009828,0.0,0.0,0.0,12.285012285012284,27.027027027027028,0.0,213.75921375921376,4.914004914004914,0.0,22.11302211302211,0.0,2.457002457002457,0.0,0.0,31.94103194103194,4.914004914004914,2.457002457002457,4.914004914004914,0.0,4.914004914004914,0.0,2.457002457002457,0.0,0.0,0.0,0.0,0.0,0.0,7.371007371007371,103.19410319410319,83.53808353808354,7.371007371007371,34.3980343980344,0.547911547911548,4.756756756756757,0.0,0.0,0.0,2.457002457002457,2.457002457002457,0.0,2.457002457002457,2.457002457002457,0.0,0.0,2.457002457002457,17.1990171990172,2.457002457002457,4.914004914004914,0.0,0.0,0.0,0.0,0.0,17.1990171990172,14.742014742014742,0.0,0.0
121396,92.6829268292683,2.4390243902439024,0.0,12.195121951219512,2.4390243902439024,0.0,0.0,80.48780487804878,12.195121951219512,2.4390243902439024,4.878048780487805,0.0,7.317073170731708,14.634146341463415,2.4390243902439024,234.14634146341464,12.195121951219512,0.0,24.390243902439025,2.4390243902439024,4.878048780487805,0.0,4.878048780487805,24.390243902439025,19.51219512195122,0.0,0.0,2.4390243902439024,0.0,0.0,0.0,0.0,0.0,0.0,0.0,0.0,2.4390243902439024,19.51219512195122,92.6829268292683,48.78048780487805,4.878048780487805,46.34146341463415,0.5738916256157636,4.596059113300493,0.0,0.0,0.0,0.0,9.75609756097561,0.0,0.0,4.878048780487805,0.0,14.634146341463415,4.878048780487805,19.51219512195122,2.4390243902439024,2.4390243902439024,0.0,0.0,0.0,0.0,0.0,9.75609756097561,12.195121951219512,0.0,2.4390243902439024
12163,59.25925925925926,4.938271604938271,24.691358024691358,0.0,0.0,9.876543209876543,9.876543209876543,37.03703703703704,22.22222222222222,0.0,2.4691358024691357,2.4691358024691357,7.407407407407407,19.753086419753085,0.0,249.38271604938274,2.4691358024691357,2.4691358024691357,17.28395061728395,0.0,2.4691358024691357,0.0,0.0,17.28395061728395,12.345679012345679,2.4691358024691357,0.0,0.0,2.4691358024691357,0.0,0.0,0.0,0.0,0.0,0.0,0.0,0.0,12.345679012345679,120.98765432098766,59.25925925925926,0.0,41.97530864197531,0.5656565656565656,4.686868686868687,7.407407407407407,0.0,0.0,2.4691358024691357,7.407407407407407,2.4691358024691357,4.938271604938271,2.4691358024691357,0.0,2.4691358024691357,9.876543209876543,22.22222222222222,0.0,0.0,12.345679012345679,0.0,0.0,0.0,0.0,9.876543209876543,9.876543209876543,0.0,4.938271604938271
123248,91.35802469135803,12.345679012345679,4.938271604938271,7.407407407407407,0.0,86.41975308641975,4.938271604938271,0.0,22.22222222222222,2.4691358024691357,0.0,2.4691358024691357,17.28395061728395,19.753086419753085,0.0,192.59259259259258,2.4691358024691357,0.0,22.22222222222222,0.0,0.0,2.4691358024691357,2.4691358024691357,17.28395061728395,4.938271604938271,2.4691358024691357,0.0,2.4691358024691357,9.876543209876543,2.4691358024691357,0.0,0.0,0.0,0.0,0.0,0.0,0.0,7.407407407407407,98.76543209876543,49.382716049382715,4.938271604938271,56.79012345679013,0.5533498759305211,4.260545905707196,0.0,0.0,0.0,0.0,4.938271604938271,0.0,2.4691358024691357,12.345679012345679,2.4691358024691357,0.0,4.938271604938271,17.28395061728395,0.0,9.876543209876543,2.4691358024691357,0.0,2.4691358024691357,0.0,2.4691358024691357,14.814814814814815,9.876543209876543,17.28395061728395,0.0
123932,98.52216748768474,34.48275862068965,0.0,7.389162561576354,12.315270935960593,108.37438423645321,0.0,0.0,14.778325123152708,2.4630541871921183,0.0,0.0,22.167487684729064,12.315270935960593,0.0,199.5073891625616,4.926108374384237,0.0,19.704433497536947,0.0,4.926108374384237,0.0,0.0,12.315270935960593,7.389162561576354,2.4630541871921183,0.0,0.0,9.852216748768473,0.0,2.4630541871921183,0.0,0.0,0.0,0.0,0.0,2.4630541871921183,2.4630541871921183,91.13300492610837,49.26108374384237,4.926108374384237,59.11330049261083,0.528395061728395,3.9555555555555557,2.4630541871921183,0.0,0.0,0.0,0.0,0.0,4.926108374384237,0.0,2.4630541871921183,9.852216748768473,0.0,32.01970443349754,4.926108374384237,2.4630541871921183,0.0,2.4630541871921183,2.4630541871921183,0.0,4.926108374384237,4.926108374384237,19.704433497536947,0.0,2.4630541871921183
126834,79.90314769975787,9.685230024213075,26.634382566585955,4.842615012106537,2.4213075060532687,125.90799031476999,12.106537530266344,7.263922518159807,7.263922518159807,7.263922518159807,7.263922518159807,0.0,16.949152542372882,12.106537530266344,4.842615012106537,196.12590799031477,0.0,0.0,19.37046004842615,2.4213075060532687,0.0,0.0,0.0,16.949152542372882,16.949152542372882,0.0,0.0,0.0,0.0,0.0,0.0,0.0,0.0,0.0,0.0,0.0,4.842615012106537,12.106537530266344,84.7457627118644,19.37046004842615,2.4213075060532687,50.84745762711865,0.5234567901234568,4.064197530864197,0.0,0.0,2.4213075060532687,4.842615012106537,4.842615012106537,0.0,0.0,14.527845036319613,2.4213075060532687,0.0,9.685230024213075,12.106537530266344,2.4213075060532687,0.0,9.685230024213075,2.4213075060532687,0.0,0.0,2.4213075060532687,4.842615012106537,4.842615012106537,0.0,2.4213075060532687
126947,76.92307692307693,12.40694789081886,14.88833746898263,2.4813895781637716,0.0,2.4813895781637716,0.0,22.332506203473944,12.40694789081886,2.4813895781637716,7.444168734491315,0.0,9.925558312655086,12.40694789081886,2.4813895781637716,255.5831265508685,9.925558312655086,0.0,24.81389578163772,4.962779156327543,0.0,0.0,0.0,14.88833746898263,4.962779156327543,2.4813895781637716,0.0,0.0,7.444168734491315,0.0,0.0,0.0,0.0,0.0,0.0,0.0,0.0,12.40694789081886,99.25558312655087,74.44168734491315,12.40694789081886,52.10918114143921,0.5943877551020408,5.114795918367347,0.0,4.962779156327543,0.0,2.4813895781637716,4.962779156327543,0.0,4.962779156327543,4.962779156327543,0.0,4.962779156327543,0.0,17.3697270471464,0.0,7.444168734491315,7.444168734491315,0.0,0.0,0.0,2.4813895781637716,9.925558312655086,9.925558312655086,4.962779156327543,2.4813895781637716
128811,105.91133004926108,0.0,12.315270935960593,7.389162561576354,0.0,83.74384236453201,0.0,46.79802955665024,4.926108374384237,4.926108374384237,2.4630541871921183,0.0,2.4630541871921183,7.389162561576354,9.852216748768473,241.3793103448276,0.0,0.0,12.315270935960593,0.0,2.4630541871921183,2.4630541871921183,0.0,4.926108374384237,2.4630541871921183,7.389162561576354,0.0,2.4630541871921183,0.0,0.0,0.0,0.0,0.0,0.0,0.0,2.4630541871921183,0.0,12.315270935960593,93.59605911330048,54.187192118226605,7.389162561576354,46.79802955665024,0.5989974937343359,4.56390977443609,0.0,7.389162561576354,0.0,0.0,7.389162561576354,0.0,0.0,0.0,0.0,2.4630541871921183,2.4630541871921183,22.167487684729064,0.0,4.926108374384237,7.389162561576354,2.4630541871921183,0.0,0.0,0.0,9.852216748768473,17.241379310344826,0.0,4.926108374384237
133397,106.96517412935323,14.925373134328359,4.975124378109452,4.975124378109452,0.0,106.96517412935323,0.0,34.82587064676617,19.90049751243781,0.0,2.487562189054726,4.975124378109452,14.925373134328359,22.388059701492537,2.487562189054726,149.25373134328356,12.437810945273633,0.0,27.36318407960199,0.0,9.950248756218905,0.0,4.975124378109452,9.950248756218905,7.462686567164179,0.0,0.0,2.487562189054726,4.975124378109452,2.487562189054726,0.0,0.0,0.0,0.0,0.0,0.0,4.975124378109452,9.950248756218905,77.11442786069651,39.80099502487562,4.975124378109452,52.23880597014925,0.4722222222222222,3.8964646464646466,0.0,2.487562189054726,0.0,0.0,0.0,0.0,2.487562189054726,14.925373134328359,0.0,12.437810945273633,2.487562189054726,44.776119402985074,0.0,0.0,12.437810945273633,2.487562189054726,0.0,0.0,0.0,2.487562189054726,27.36318407960199,0.0,12.437810945273633
133717,90.68627450980392,12.254901960784313,29.41176470588235,7.352941176470588,4.901960784313726,68.62745098039217,4.901960784313726,29.41176470588235,26.96078431372549,7.352941176470588,2.450980392156863,0.0,17.156862745098042,19.607843137254903,0.0,176.47058823529412,4.901960784313726,2.450980392156863,36.76470588235294,0.0,4.901960784313726,0.0,0.0,36.76470588235294,2.450980392156863,0.0,2.450980392156863,4.901960784313726,7.352941176470588,0.0,0.0,0.0,0.0,0.0,0.0,0.0,2.450980392156863,14.705882352941176,90.68627450980392,29.41176470588235,9.803921568627452,44.11764705882353,0.5075757575757576,4.138888888888889,0.0,4.901960784313726,0.0,4.901960784313726,2.450980392156863,2.450980392156863,0.0,0.0,0.0,7.352941176470588,2.450980392156863,22.058823529411764,2.450980392156863,9.803921568627452,19.607843137254903,2.450980392156863,0.0,0.0,0.0,9.803921568627452,22.058823529411764,2.450980392156863,4.901960784313726
134398,96.3855421686747,9.63855421686747,0.0,7.228915662650603,0.0,0.0,0.0,93.97590361445783,9.63855421686747,2.4096385542168677,4.819277108433735,0.0,19.27710843373494,21.686746987951807,2.4096385542168677,219.27710843373492,2.4096385542168677,0.0,28.91566265060241,0.0,2.4096385542168677,2.4096385542168677,0.0,28.91566265060241,4.819277108433735,2.4096385542168677,4.819277108433735,0.0,7.228915662650603,2.4096385542168677,7.228915662650603,0.0,0.0,0.0,0.0,0.0,0.0,9.63855421686747,93.97590361445783,65.06024096385542,7.228915662650603,43.373493975903614,0.470873786407767,4.766990291262136,2.4096385542168677,4.819277108433735,0.0,0.0,2.4096385542168677,0.0,0.0,2.4096385542168677,0.0,9.63855421686747,2.4096385542168677,16.867469879518072,4.819277108433735,0.0,0.0,0.0,2.4096385542168677,0.0,4.819277108433735,14.457831325301205,26.50602409638554,0.0,9.63855421686747
13754,81.08108108108108,9.828009828009828,12.285012285012284,0.0,9.828009828009828,63.88206388206388,14.742014742014742,17.1990171990172,27.027027027027028,0.0,0.0,0.0,9.828009828009828,27.027027027027028,4.914004914004914,206.38820638820638,14.742014742014742,2.457002457002457,12.285012285012284,0.0,0.0,0.0,0.0,12.285012285012284,4.914004914004914,0.0,2.457002457002457,0.0,7.371007371007371,0.0,0.0,0.0,0.0,0.0,2.457002457002457,0.0,0.0,12.285012285012284,90.9090909090909,85.995085995086,0.0,61.42506142506143,0.5975,4.6325,0.0,0.0,0.0,2.457002457002457,4.914004914004914,0.0,0.0,2.457002457002457,0.0,12.285012285012284,4.914004914004914,14.742014742014742,2.457002457002457,2.457002457002457,4.914004914004914,0.0,0.0,0.0,2.457002457002457,12.285012285012284,7.371007371007371,0.0,7.371007371007371
139329,125.61576354679804,19.704433497536947,19.704433497536947,4.926108374384237,2.4630541871921183,17.241379310344826,17.241379310344826,91.13300492610837,24.630541871921185,2.4630541871921183,4.926108374384237,9.852216748768473,9.852216748768473,2.4630541871921183,2.4630541871921183,201.9704433497537,2.4630541871921183,0.0,14.778325123152708,0.0,4.926108374384237,0.0,0.0,9.852216748768473,2.4630541871921183,2.4630541871921183,0.0,0.0,2.4630541871921183,2.4630541871921183,0.0,0.0,0.0,0.0,0.0,0.0,0.0,29.556650246305416,81.2807881773399,56.65024630541872,4.926108374384237,49.26108374384237,0.5289672544080605,4.309823677581864,0.0,4.926108374384237,0.0,2.4630541871921183,4.926108374384237,0.0,0.0,2.4630541871921183,0.0,2.4630541871921183,9.852216748768473,22.167487684729064,2.4630541871921183,7.389162561576354,14.778325123152708,0.0,0.0,2.4630541871921183,4.926108374384237,4.926108374384237,12.315270935960593,2.4630541871921183,2.4630541871921183
139907,93.82716049382717,22.22222222222222,4.938271604938271,2.4691358024691357,7.407407407407407,116.04938271604938,4.938271604938271,24.691358024691358,9.876543209876543,0.0,2.4691358024691357,2.4691358024691357,12.345679012345679,4.938271604938271,2.4691358024691357,202.46913580246914,0.0,0.0,19.753086419753085,0.0,2.4691358024691357,0.0,0.0,19.753086419753085,12.345679012345679,0.0,0.0,2.4691358024691357,2.4691358024691357,0.0,4.938271604938271,0.0,0.0,0.0,0.0,0.0,0.0,7.407407407407407,83.95061728395062,46.91358024691358,9.876543209876543,64.19753086419753,0.5213032581453634,4.12531328320802,0.0,2.4691358024691357,0.0,0.0,9.876543209876543,0.0,4.938271604938271,7.407407407407407,0.0,2.4691358024691357,4.938271604938271,27.160493827160494,0.0,2.4691358024691357,9.876543209876543,2.4691358024691357,0.0,0.0,2.4691358024691357,4.938271604938271,22.22222222222222,0.0,4.938271604938271
14000,125.30712530712532,19.656019656019655,0.0,4.914004914004914,2.457002457002457,108.10810810810811,0.0,27.027027027027028,17.1990171990172,0.0,7.371007371007371,2.457002457002457,22.11302211302211,2.457002457002457,2.457002457002457,171.990171990172,7.371007371007371,0.0,36.85503685503686,0.0,2.457002457002457,0.0,9.828009828009828,24.570024570024568,14.742014742014742,2.457002457002457,0.0,0.0,4.914004914004914,2.457002457002457,0.0,0.0,0.0,0.0,0.0,0.0,0.0,17.1990171990172,100.73710073710073,17.1990171990172,9.828009828009828,68.7960687960688,0.4626865671641791,4.062189054726368,0.0,0.0,0.0,0.0,4.914004914004914,0.0,0.0,7.371007371007371,0.0,4.914004914004914,2.457002457002457,27.027027027027028,4.914004914004914,0.0,9.828009828009828,0.0,0.0,0.0,7.371007371007371,4.914004914004914,29.484029484029485,0.0,12.285012285012284
141596,76.92307692307693,2.4813895781637716,14.88833746898263,9.925558312655086,0.0,89.33002481389578,0.0,4.962779156327543,12.40694789081886,0.0,0.0,0.0,12.40694789081886,12.40694789081886,2.4813895781637716,230.76923076923077,2.4813895781637716,2.4813895781637716,22.332506203473944,2.4813895781637716,2.4813895781637716,0.0,0.0,17.3697270471464,12.40694789081886,0.0,2.4813895781637716,2.4813895781637716,9.925558312655086,0.0,0.0,0.0,0.0,0.0,0.0,2.4813895781637716,2.4813895781637716,17.3697270471464,119.10669975186104,34.7394540942928,4.962779156327543,22.332506203473944,0.48484848484848486,4.204545454545454,2.4813895781637716,2.4813895781637716,0.0,0.0,0.0,0.0,4.962779156327543,2.4813895781637716,0.0,2.4813895781637716,0.0,27.29528535980149,0.0,4.962779156327543,4.962779156327543,0.0,0.0,0.0,0.0,9.925558312655086,9.925558312655086,0.0,0.0
141652,109.45273631840796,19.90049751243781,0.0,2.487562189054726,2.487562189054726,0.0,0.0,54.72636815920398,17.412935323383085,0.0,9.950248756218905,2.487562189054726,19.90049751243781,7.462686567164179,14.925373134328359,196.51741293532336,0.0,2.487562189054726,17.412935323383085,0.0,4.975124378109452,0.0,0.0,22.388059701492537,9.950248756218905,0.0,2.487562189054726,2.487562189054726,7.462686567164179,0.0,7.462686567164179,0.0,0.0,0.0,0.0,0.0,0.0,9.950248756218905,101.99004975124377,32.33830845771144,4.975124378109452,54.72636815920398,0.5151515151515151,4.335858585858586,0.0,4.975124378109452,0.0,2.487562189054726,2.487562189054726,0.0,2.487562189054726,4.975124378109452,0.0,0.0,4.975124378109452,34.82587064676617,0.0,4.975124378109452,4.975124378109452,0.0,0.0,0.0,4.975124378109452,22.388059701492537,17.412935323383085,2.487562189054726,4.975124378109452
1423,92.26932668329177,7.481296758104738,42.394014962593516,0.0,0.0,34.912718204488776,19.950124688279303,37.406483790523694,9.975062344139651,12.468827930174564,2.493765586034913,2.493765586034913,4.987531172069826,0.0,0.0,256.857855361596,0.0,0.0,34.912718204488776,0.0,0.0,0.0,0.0,14.962593516209475,4.987531172069826,0.0,0.0,0.0,0.0,0.0,0.0,0.0,0.0,0.0,0.0,0.0,0.0,4.987531172069826,74.81296758104739,24.93765586034913,4.987531172069826,54.86284289276808,0.5456919060052219,4.370757180156658,0.0,0.0,2.493765586034913,0.0,4.987531172069826,2.493765586034913,4.987531172069826,7.481296758104738,0.0,0.0,7.481296758104738,22.443890274314214,2.493765586034913,0.0,27.43142144638404,4.987531172069826,0.0,0.0,2.493765586034913,2.493765586034913,12.468827930174564,0.0,9.975062344139651
142780,96.85230024213075,12.106537530266344,7.263922518159807,2.4213075060532687,4.842615012106537,72.63922518159806,7.263922518159807,70.2179176755448,7.263922518159807,0.0,14.527845036319613,0.0,19.37046004842615,4.842615012106537,7.263922518159807,135.59322033898306,4.842615012106537,0.0,16.949152542372882,0.0,7.263922518159807,2.4213075060532687,2.4213075060532687,24.213075060532688,2.4213075060532687,0.0,0.0,2.4213075060532687,4.842615012106537,2.4213075060532687,0.0,0.0,0.0,0.0,0.0,0.0,2.4213075060532687,19.37046004842615,113.80145278450362,36.31961259079903,2.4213075060532687,87.16707021791767,0.5295566502463054,4.177339901477833,0.0,0.0,0.0,2.4213075060532687,12.106537530266344,0.0,2.4213075060532687,12.106537530266344,2.4213075060532687,9.685230024213075,2.4213075060532687,21.791767554479417,0.0,7.263922518159807,12.106537530266344,0.0,2.4213075060532687,0.0,12.106537530266344,9.685230024213075,26.634382566585955,0.0,12.106537530266344
147919,108.91089108910892,27.22772277227723,0.0,2.4752475247524752,2.4752475247524752,0.0,0.0,37.12871287128713,24.752475247524753,0.0,12.376237623762377,0.0,19.801980198019802,22.277227722772277,2.4752475247524752,232.67326732673268,9.900990099009901,0.0,34.65346534653466,0.0,4.9504950495049505,0.0,0.0,9.900990099009901,2.4752475247524752,0.0,2.4752475247524752,0.0,17.32673267326733,0.0,0.0,0.0,0.0,2.4752475247524752,0.0,0.0,2.4752475247524752,12.376237623762377,101.48514851485149,81.68316831683168,7.425742574257425,42.07920792079208,0.494949494949495,4.944444444444445,2.4752475247524752,0.0,0.0,0.0,7.425742574257425,0.0,2.4752475247524752,0.0,0.0,0.0,0.0,19.801980198019802,2.4752475247524752,0.0,0.0,0.0,0.0,0.0,2.4752475247524752,0.0,9.900990099009901,2.4752475247524752,7.425742574257425
148364,75.60975609756098,7.317073170731708,24.390243902439025,2.4390243902439024,2.4390243902439024,19.51219512195122,2.4390243902439024,17.073170731707318,12.195121951219512,0.0,4.878048780487805,0.0,4.878048780487805,39.02439024390244,4.878048780487805,256.0975609756098,4.878048780487805,0.0,31.70731707317073,0.0,2.4390243902439024,0.0,0.0,12.195121951219512,2.4390243902439024,0.0,2.4390243902439024,0.0,2.4390243902439024,0.0,0.0,0.0,0.0,0.0,0.0,0.0,0.0,14.634146341463415,104.8780487804878,78.04878048780488,7.317073170731708,31.70731707317073,0.5488721804511278,5.025062656641604,0.0,2.4390243902439024,0.0,0.0,2.4390243902439024,0.0,0.0,2.4390243902439024,2.4390243902439024,0.0,2.4390243902439024,21.95121951219512,2.4390243902439024,2.4390243902439024,0.0,0.0,0.0,0.0,0.0,2.4390243902439024,7.317073170731708,0.0,7.317073170731708
149046,96.15384615384616,2.403846153846154,0.0,4.807692307692308,2.403846153846154,125.0,4.807692307692308,0.0,19.230769230769234,2.403846153846154,2.403846153846154,0.0,16.826923076923077,43.26923076923077,0.0,185.09615384615387,4.807692307692308,0.0,33.65384615384615,0.0,0.0,0.0,2.403846153846154,26.442307692307693,14.423076923076923,0.0,2.403846153846154,0.0,0.0,0.0,2.403846153846154,0.0,0.0,0.0,0.0,0.0,0.0,7.211538461538462,81.73076923076923,74.51923076923077,14.423076923076923,45.67307692307692,0.4951923076923077,4.456730769230769,0.0,0.0,0.0,0.0,2.403846153846154,0.0,2.403846153846154,12.01923076923077,2.403846153846154,2.403846153846154,0.0,24.03846153846154,7.211538461538462,2.403846153846154,0.0,0.0,0.0,0.0,0.0,19.230769230769234,21.634615384615383,0.0,0.0
149505,69.21241050119332,19.093078758949883,2.3866348448687353,0.0,0.0,2.3866348448687353,0.0,16.706443914081145,4.773269689737471,0.0,0.0,0.0,0.0,33.41288782816229,2.3866348448687353,281.6229116945108,7.159904534606206,2.3866348448687353,14.319809069212411,2.3866348448687353,2.3866348448687353,0.0,0.0,16.706443914081145,9.546539379474941,0.0,0.0,0.0,0.0,0.0,0.0,0.0,0.0,0.0,0.0,0.0,0.0,16.706443914081145,97.85202863961814,76.37231503579953,2.3866348448687353,19.093078758949883,0.5918854415274463,4.985680190930788,0.0,4.773269689737471,0.0,2.3866348448687353,4.773269689737471,0.0,4.773269689737471,0.0,0.0,9.546539379474941,14.319809069212411,16.706443914081145,2.3866348448687353,0.0,0.0,0.0,0.0,0.0,4.773269689737471,28.639618138424822,4.773269689737471,0.0,2.3866348448687353
151279,98.0392156862745,9.803921568627452,2.450980392156863,7.352941176470588,4.901960784313726,117.6470588235294,0.0,4.901960784313726,24.509803921568626,12.254901960784313,14.705882352941176,0.0,24.509803921568626,31.862745098039213,4.901960784313726,147.05882352941177,7.352941176470588,4.901960784313726,34.313725490196084,0.0,0.0,0.0,2.450980392156863,22.058823529411764,4.901960784313726,2.450980392156863,0.0,0.0,12.254901960784313,0.0,0.0,0.0,0.0,0.0,0.0,0.0,4.901960784313726,24.509803921568626,68.62745098039217,22.058823529411764,14.705882352941176,39.21568627450981,0.5087719298245614,4.2406015037593985,0.0,0.0,0.0,2.450980392156863,2.450980392156863,0.0,0.0,24.509803921568626,0.0,7.352941176470588,0.0,19.607843137254903,0.0,4.901960784313726,14.705882352941176,0.0,0.0,0.0,0.0,4.901960784313726,26.96078431372549,0.0,12.254901960784313
15486,99.51456310679612,7.281553398058253,9.70873786407767,4.854368932038835,2.4271844660194173,9.70873786407767,9.70873786407767,65.53398058252426,7.281553398058253,0.0,4.854368932038835,2.4271844660194173,14.563106796116505,7.281553398058253,4.854368932038835,199.02912621359224,9.70873786407767,7.281553398058253,19.41747572815534,2.4271844660194173,0.0,0.0,2.4271844660194173,33.980582524271846,12.135922330097086,0.0,7.281553398058253,0.0,4.854368932038835,0.0,0.0,0.0,0.0,0.0,0.0,0.0,0.0,4.854368932038835,89.80582524271844,48.543689320388346,4.854368932038835,43.689320388349515,0.554726368159204,4.2611940298507465,0.0,4.854368932038835,0.0,0.0,0.0,0.0,0.0,4.854368932038835,2.4271844660194173,0.0,4.854368932038835,26.699029126213592,9.70873786407767,0.0,12.135922330097086,0.0,0.0,0.0,2.4271844660194173,2.4271844660194173,12.135922330097086,0.0,7.281553398058253
156571,92.23300970873787,12.135922330097086,14.563106796116505,0.0,4.854368932038835,19.41747572815534,7.281553398058253,29.12621359223301,7.281553398058253,2.4271844660194173,7.281553398058253,2.4271844660194173,12.135922330097086,19.41747572815534,0.0,257.28155339805824,0.0,0.0,9.70873786407767,0.0,4.854368932038835,2.4271844660194173,0.0,24.271844660194173,7.281553398058253,2.4271844660194173,0.0,0.0,0.0,0.0,2.4271844660194173,0.0,0.0,0.0,0.0,0.0,0.0,16.990291262135923,116.50485436893204,53.398058252427184,2.4271844660194173,33.980582524271846,0.5525672371638142,4.572127139364303,0.0,0.0,0.0,0.0,4.854368932038835,0.0,2.4271844660194173,0.0,0.0,2.4271844660194173,7.281553398058253,16.990291262135923,12.135922330097086,2.4271844660194173,0.0,0.0,0.0,0.0,2.4271844660194173,4.854368932038835,9.70873786407767,0.0,4.854368932038835
156726,98.52216748768474,14.778325123152708,12.315270935960593,0.0,2.4630541871921183,98.52216748768474,2.4630541871921183,17.241379310344826,14.778325123152708,9.852216748768473,2.4630541871921183,4.926108374384237,14.778325123152708,19.704433497536947,2.4630541871921183,192.1182266009852,7.389162561576354,0.0,19.704433497536947,2.4630541871921183,7.389162561576354,0.0,2.4630541871921183,36.94581280788178,2.4630541871921183,0.0,2.4630541871921183,0.0,0.0,0.0,0.0,0.0,0.0,0.0,0.0,0.0,0.0,14.778325123152708,93.59605911330048,34.48275862068965,4.926108374384237,41.87192118226601,0.5398009950248757,4.378109452736318,0.0,2.4630541871921183,4.926108374384237,0.0,7.389162561576354,0.0,4.926108374384237,7.389162561576354,0.0,2.4630541871921183,22.167487684729064,27.093596059113302,19.704433497536947,0.0,4.926108374384237,2.4630541871921183,2.4630541871921183,0.0,4.926108374384237,2.4630541871921183,4.926108374384237,0.0,4.926108374384237
15730,99.7566909975669,14.598540145985401,2.4330900243309004,7.299270072992701,0.0,29.197080291970803,2.4330900243309004,53.5279805352798,12.165450121654501,2.4330900243309004,0.0,0.0,9.732360097323602,14.598540145985401,0.0,228.71046228710463,9.732360097323602,7.299270072992701,17.0316301703163,0.0,4.866180048661801,0.0,0.0,12.165450121654501,12.165450121654501,0.0,7.299270072992701,2.4330900243309004,0.0,0.0,4.866180048661801,0.0,0.0,2.4330900243309004,0.0,0.0,2.4330900243309004,17.0316301703163,109.48905109489051,53.5279805352798,7.299270072992701,36.4963503649635,0.5609756097560976,4.675609756097561,7.299270072992701,4.866180048661801,0.0,2.4330900243309004,4.866180048661801,0.0,2.4330900243309004,0.0,0.0,2.4330900243309004,0.0,21.897810218978105,4.866180048661801,2.4330900243309004,0.0,2.4330900243309004,0.0,0.0,0.0,19.464720194647203,7.299270072992701,0.0,0.0
157325,89.55223880597015,22.388059701492537,7.462686567164179,2.487562189054726,4.975124378109452,2.487562189054726,0.0,52.23880597014925,12.437810945273633,2.487562189054726,7.462686567164179,0.0,29.850746268656717,12.437810945273633,9.950248756218905,221.39303482587064,4.975124378109452,2.487562189054726,19.90049751243781,0.0,0.0,0.0,0.0,27.36318407960199,4.975124378109452,0.0,7.462686567164179,0.0,19.90049751243781,0.0,2.487562189054726,0.0,0.0,0.0,0.0,0.0,0.0,9.950248756218905,114.42786069651741,59.701492537313435,4.975124378109452,47.2636815920398,0.547979797979798,4.856060606060606,0.0,2.487562189054726,2.487562189054726,4.975124378109452,2.487562189054726,0.0,4.975124378109452,2.487562189054726,0.0,4.975124378109452,4.975124378109452,17.412935323383085,2.487562189054726,4.975124378109452,2.487562189054726,0.0,0.0,2.487562189054726,12.437810945273633,0.0,19.90049751243781,0.0,0.0
159005,110.29411764705883,12.254901960784313,9.803921568627452,14.705882352941176,0.0,125.0,7.352941176470588,7.352941176470588,9.803921568627452,4.901960784313726,4.901960784313726,0.0,19.607843137254903,17.156862745098042,2.450980392156863,169.11764705882354,4.901960784313726,0.0,19.607843137254903,0.0,0.0,0.0,0.0,22.058823529411764,12.254901960784313,2.450980392156863,0.0,2.450980392156863,2.450980392156863,0.0,2.450980392156863,0.0,0.0,0.0,0.0,0.0,0.0,12.254901960784313,90.68627450980392,19.607843137254903,4.901960784313726,53.92156862745098,0.5260545905707196,4.027295285359801,2.450980392156863,0.0,0.0,2.450980392156863,0.0,0.0,0.0,4.901960784313726,2.450980392156863,2.450980392156863,2.450980392156863,24.509803921568626,2.450980392156863,0.0,9.803921568627452,0.0,4.901960784313726,0.0,0.0,4.901960784313726,34.313725490196084,4.901960784313726,4.901960784313726
159862,112.70983213429255,7.194244604316547,0.0,7.194244604316547,2.398081534772182,100.71942446043165,0.0,11.990407673860911,21.58273381294964,0.0,2.398081534772182,0.0,14.388489208633095,4.796163069544364,4.796163069544364,199.04076738609115,9.592326139088728,2.398081534772182,11.990407673860911,0.0,2.398081534772182,0.0,0.0,26.378896882494004,14.388489208633095,0.0,0.0,2.398081534772182,9.592326139088728,0.0,0.0,0.0,0.0,0.0,0.0,0.0,7.194244604316547,11.990407673860911,122.3021582733813,31.17505995203837,7.194244604316547,31.17505995203837,0.5447941888619855,4.302663438256658,2.398081534772182,0.0,0.0,0.0,0.0,0.0,0.0,2.398081534772182,0.0,0.0,0.0,23.980815347721823,0.0,7.194244604316547,2.398081534772182,2.398081534772182,0.0,0.0,0.0,21.58273381294964,14.388489208633095,0.0,4.796163069544364
16099,59.55334987593052,19.851116625310173,9.925558312655086,0.0,4.962779156327543,47.146401985111666,0.0,17.3697270471464,9.925558312655086,0.0,2.4813895781637716,0.0,9.925558312655086,34.7394540942928,4.962779156327543,258.06451612903226,0.0,0.0,17.3697270471464,0.0,0.0,0.0,0.0,14.88833746898263,14.88833746898263,0.0,2.4813895781637716,0.0,4.962779156327543,0.0,0.0,0.0,0.0,0.0,0.0,0.0,0.0,4.962779156327543,101.73697270471465,66.99751861042184,4.962779156327543,32.25806451612903,0.543424317617866,4.598014888337469,2.4813895781637716,0.0,0.0,0.0,0.0,0.0,0.0,0.0,0.0,9.925558312655086,7.444168734491315,14.88833746898263,2.4813895781637716,0.0,0.0,0.0,0.0,0.0,4.962779156327543,17.3697270471464,14.88833746898263,7.444168734491315,4.962779156327543
16121,81.68316831683168,22.277227722772277,12.376237623762377,2.4752475247524752,7.425742574257425,99.00990099009901,7.425742574257425,34.65346534653466,7.425742574257425,7.425742574257425,0.0,0.0,7.425742574257425,2.4752475247524752,7.425742574257425,168.31683168316832,7.425742574257425,0.0,22.277227722772277,0.0,2.4752475247524752,0.0,0.0,24.752475247524753,4.9504950495049505,0.0,4.9504950495049505,0.0,2.4752475247524752,0.0,0.0,0.0,0.0,0.0,0.0,0.0,0.0,4.9504950495049505,91.58415841584159,29.7029702970297,7.425742574257425,51.980198019801975,0.5124378109452736,4.009950248756219,0.0,0.0,4.9504950495049505,0.0,7.425742574257425,2.4752475247524752,9.900990099009901,7.425742574257425,0.0,12.376237623762377,9.900990099009901,19.801980198019802,4.9504950495049505,2.4752475247524752,2.4752475247524752,0.0,0.0,0.0,0.0,22.277227722772277,22.277227722772277,2.4752475247524752,0.0
162795,104.8780487804878,19.51219512195122,0.0,0.0,4.878048780487805,80.48780487804878,0.0,17.073170731707318,12.195121951219512,4.878048780487805,2.4390243902439024,0.0,7.317073170731708,29.26829268292683,0.0,192.6829268292683,2.4390243902439024,0.0,31.70731707317073,0.0,7.317073170731708,2.4390243902439024,0.0,17.073170731707318,0.0,0.0,0.0,0.0,4.878048780487805,4.878048780487805,0.0,0.0,0.0,0.0,0.0,0.0,0.0,17.073170731707318,97.5609756097561,46.34146341463415,12.195121951219512,41.463414634146346,0.5,4.350746268656716,2.4390243902439024,0.0,0.0,0.0,7.317073170731708,0.0,0.0,2.4390243902439024,0.0,12.195121951219512,2.4390243902439024,29.26829268292683,2.4390243902439024,0.0,4.878048780487805,0.0,0.0,0.0,7.317073170731708,21.95121951219512,26.829268292682926,0.0,4.878048780487805
162928,97.32360097323601,7.299270072992701,17.0316301703163,0.0,0.0,75.42579075425792,7.299270072992701,43.79562043795621,19.464720194647203,4.866180048661801,0.0,0.0,12.165450121654501,12.165450121654501,4.866180048661801,201.94647201946472,0.0,0.0,38.929440389294406,0.0,2.4330900243309004,0.0,0.0,7.299270072992701,9.732360097323602,0.0,4.866180048661801,2.4330900243309004,2.4330900243309004,0.0,2.4330900243309004,0.0,0.0,0.0,0.0,2.4330900243309004,2.4330900243309004,4.866180048661801,104.62287104622871,31.630170316301705,17.0316301703163,58.394160583941606,0.5664160401002506,4.265664160401003,2.4330900243309004,4.866180048661801,0.0,0.0,4.866180048661801,0.0,2.4330900243309004,4.866180048661801,2.4330900243309004,7.299270072992701,4.866180048661801,31.630170316301705,0.0,2.4330900243309004,9.732360097323602,2.4330900243309004,0.0,0.0,9.732360097323602,2.4330900243309004,17.0316301703163,0.0,4.866180048661801
167272,106.28019323671498,16.908212560386474,14.492753623188406,2.4154589371980677,0.0,9.66183574879227,16.908212560386474,62.80193236714976,19.32367149758454,0.0,2.4154589371980677,2.4154589371980677,19.32367149758454,12.077294685990339,0.0,234.29951690821258,9.66183574879227,4.830917874396135,19.32367149758454,0.0,2.4154589371980677,0.0,0.0,24.154589371980677,7.246376811594203,2.4154589371980677,2.4154589371980677,0.0,4.830917874396135,2.4154589371980677,2.4154589371980677,0.0,0.0,0.0,0.0,0.0,0.0,19.32367149758454,86.95652173913044,38.64734299516908,9.66183574879227,31.40096618357488,0.5364077669902912,4.371359223300971,4.830917874396135,0.0,0.0,0.0,4.830917874396135,0.0,2.4154589371980677,0.0,0.0,4.830917874396135,9.66183574879227,19.32367149758454,2.4154589371980677,2.4154589371980677,0.0,0.0,0.0,0.0,0.0,14.492753623188406,21.73913043478261,0.0,4.830917874396135
168021,111.66253101736973,12.40694789081886,4.962779156327543,7.444168734491315,0.0,114.14392059553349,4.962779156327543,27.29528535980149,19.851116625310173,2.4813895781637716,7.444168734491315,2.4813895781637716,19.851116625310173,0.0,2.4813895781637716,143.92059553349876,2.4813895781637716,0.0,37.220843672456574,0.0,4.962779156327543,0.0,2.4813895781637716,32.25806451612903,9.925558312655086,0.0,0.0,0.0,4.962779156327543,0.0,2.4813895781637716,0.0,0.0,0.0,0.0,0.0,2.4813895781637716,32.25806451612903,99.25558312655087,27.29528535980149,9.925558312655086,47.146401985111666,0.5163727959697733,3.7682619647355162,0.0,2.4813895781637716,0.0,2.4813895781637716,2.4813895781637716,0.0,0.0,12.40694789081886,0.0,4.962779156327543,4.962779156327543,34.7394540942928,0.0,4.962779156327543,12.40694789081886,2.4813895781637716,0.0,0.0,2.4813895781637716,7.444168734491315,12.40694789081886,0.0,12.40694789081886
168550,101.23456790123457,27.160493827160494,0.0,9.876543209876543,2.4691358024691357,74.07407407407408,0.0,2.4691358024691357,22.22222222222222,4.938271604938271,9.876543209876543,0.0,7.407407407407407,14.814814814814815,2.4691358024691357,192.59259259259258,7.407407407407407,0.0,24.691358024691358,0.0,0.0,0.0,0.0,17.28395061728395,7.407407407407407,2.4691358024691357,0.0,0.0,7.407407407407407,0.0,0.0,0.0,0.0,0.0,0.0,0.0,2.4691358024691357,17.28395061728395,108.64197530864197,44.44444444444444,9.876543209876543,56.79012345679013,0.5037220843672456,4.255583126550868,2.4691358024691357,0.0,0.0,0.0,2.4691358024691357,0.0,4.938271604938271,4.938271604938271,0.0,0.0,2.4691358024691357,27.160493827160494,2.4691358024691357,2.4691358024691357,2.4691358024691357,2.4691358024691357,0.0,0.0,0.0,12.345679012345679,14.814814814814815,4.938271604938271,4.938271604938271
169572,73.89162561576356,9.852216748768473,9.852216748768473,7.389162561576354,7.389162561576354,14.778325123152708,2.4630541871921183,9.852216748768473,22.167487684729064,0.0,0.0,0.0,14.778325123152708,12.315270935960593,4.926108374384237,302.95566502463055,2.4630541871921183,0.0,2.4630541871921183,0.0,0.0,0.0,0.0,14.778325123152708,7.389162561576354,0.0,2.4630541871921183,0.0,7.389162561576354,0.0,0.0,0.0,0.0,0.0,0.0,0.0,0.0,9.852216748768473,118.22660098522167,76.35467980295567,2.4630541871921183,22.167487684729064,0.543859649122807,4.837092731829574,0.0,4.926108374384237,0.0,2.4630541871921183,0.0,2.4630541871921183,0.0,0.0,0.0,9.852216748768473,4.926108374384237,12.315270935960593,0.0,4.926108374384237,0.0,0.0,0.0,0.0,0.0,7.389162561576354,12.315270935960593,0.0,0.0
170378,97.32360097323601,4.866180048661801,19.464720194647203,2.4330900243309004,0.0,9.732360097323602,14.598540145985401,75.42579075425792,9.732360097323602,2.4330900243309004,7.299270072992701,0.0,21.897810218978105,12.165450121654501,4.866180048661801,250.60827250608276,4.866180048661801,2.4330900243309004,31.630170316301705,0.0,0.0,0.0,0.0,14.598540145985401,4.866180048661801,0.0,0.0,0.0,0.0,0.0,4.866180048661801,0.0,0.0,0.0,0.0,0.0,0.0,12.165450121654501,90.02433090024331,26.7639902676399,12.165450121654501,65.69343065693431,0.5252525252525253,4.30050505050505,0.0,0.0,2.4330900243309004,0.0,7.299270072992701,0.0,2.4330900243309004,7.299270072992701,0.0,4.866180048661801,4.866180048661801,12.165450121654501,2.4330900243309004,2.4330900243309004,21.897810218978105,2.4330900243309004,0.0,0.0,2.4330900243309004,4.866180048661801,19.464720194647203,0.0,9.732360097323602
171742,95.82309582309583,7.371007371007371,9.828009828009828,4.914004914004914,4.914004914004914,12.285012285012284,12.285012285012284,66.33906633906633,9.828009828009828,2.457002457002457,0.0,0.0,7.371007371007371,12.285012285012284,0.0,255.52825552825553,4.914004914004914,2.457002457002457,29.484029484029485,0.0,2.457002457002457,0.0,0.0,12.285012285012284,9.828009828009828,0.0,2.457002457002457,0.0,7.371007371007371,0.0,0.0,0.0,0.0,0.0,0.0,0.0,0.0,7.371007371007371,115.47911547911548,36.85503685503686,4.914004914004914,34.3980343980344,0.5422885572139303,4.4950248756218905,0.0,0.0,0.0,0.0,4.914004914004914,0.0,0.0,7.371007371007371,0.0,2.457002457002457,4.914004914004914,9.828009828009828,0.0,7.371007371007371,2.457002457002457,0.0,0.0,0.0,2.457002457002457,22.11302211302211,14.742014742014742,0.0,4.914004914004914
174449,69.4789081885856,9.925558312655086,54.59057071960298,7.444168734491315,2.4813895781637716,76.92307692307693,22.332506203473944,27.29528535980149,9.925558312655086,0.0,2.4813895781637716,0.0,14.88833746898263,2.4813895781637716,0.0,205.95533498759306,12.40694789081886,4.962779156327543,17.3697270471464,0.0,2.4813895781637716,0.0,0.0,17.3697270471464,12.40694789081886,0.0,7.444168734491315,2.4813895781637716,7.444168734491315,0.0,0.0,0.0,0.0,0.0,0.0,0.0,4.962779156327543,9.925558312655086,84.36724565756825,32.25806451612903,2.4813895781637716,62.03473945409429,0.5240506329113924,4.225316455696203,0.0,0.0,0.0,0.0,2.4813895781637716,0.0,7.444168734491315,4.962779156327543,0.0,2.4813895781637716,4.962779156327543,24.81389578163772,4.962779156327543,0.0,19.851116625310173,2.4813895781637716,0.0,0.0,4.962779156327543,7.444168734491315,14.88833746898263,0.0,4.962779156327543
175900,86.74698795180723,9.63855421686747,12.048192771084338,0.0,2.4096385542168677,9.63855421686747,7.228915662650603,57.83132530120482,33.734939759036145,0.0,7.228915662650603,0.0,14.457831325301205,19.27710843373494,0.0,192.7710843373494,12.048192771084338,0.0,33.734939759036145,0.0,2.4096385542168677,0.0,2.4096385542168677,26.50602409638554,4.819277108433735,0.0,2.4096385542168677,2.4096385542168677,0.0,0.0,0.0,2.4096385542168677,0.0,0.0,0.0,0.0,4.819277108433735,0.0,98.79518072289156,28.91566265060241,16.867469879518072,72.28915662650603,0.5263157894736842,4.513784461152882,0.0,2.4096385542168677,0.0,0.0,12.048192771084338,0.0,4.819277108433735,12.048192771084338,0.0,2.4096385542168677,7.228915662650603,24.096385542168676,0.0,0.0,19.27710843373494,0.0,0.0,2.4096385542168677,2.4096385542168677,7.228915662650603,21.686746987951807,7.228915662650603,21.686746987951807
175973,69.65174129353234,17.412935323383085,49.75124378109453,4.975124378109452,4.975124378109452,109.45273631840796,17.412935323383085,14.925373134328359,2.487562189054726,9.950248756218905,2.487562189054726,2.487562189054726,14.925373134328359,12.437810945273633,0.0,174.12935323383087,7.462686567164179,0.0,34.82587064676617,2.487562189054726,0.0,2.487562189054726,4.975124378109452,9.950248756218905,4.975124378109452,0.0,0.0,0.0,0.0,0.0,0.0,0.0,0.0,0.0,0.0,0.0,4.975124378109452,2.487562189054726,92.03980099502488,29.850746268656717,12.437810945273633,72.13930348258707,0.5132978723404256,4.01063829787234,2.487562189054726,0.0,0.0,0.0,0.0,0.0,2.487562189054726,7.462686567164179,0.0,4.975124378109452,4.975124378109452,29.850746268656717,9.950248756218905,0.0,44.776119402985074,2.487562189054726,2.487562189054726,0.0,7.462686567164179,17.412935323383085,22.388059701492537,4.975124378109452,19.90049751243781
177107,108.17307692307693,9.615384615384617,14.423076923076923,7.211538461538462,0.0,93.75,0.0,2.403846153846154,48.07692307692308,2.403846153846154,14.423076923076923,0.0,14.423076923076923,4.807692307692308,0.0,144.23076923076923,4.807692307692308,0.0,38.46153846153847,2.403846153846154,2.403846153846154,0.0,0.0,28.846153846153847,2.403846153846154,2.403846153846154,0.0,0.0,4.807692307692308,0.0,0.0,0.0,0.0,0.0,0.0,0.0,2.403846153846154,16.826923076923077,86.53846153846153,43.26923076923077,16.826923076923077,74.51923076923077,0.5123152709359606,3.9852216748768474,4.807692307692308,2.403846153846154,0.0,0.0,19.230769230769234,0.0,0.0,2.403846153846154,0.0,12.01923076923077,2.403846153846154,38.46153846153847,4.807692307692308,4.807692307692308,24.03846153846154,0.0,0.0,0.0,9.615384615384617,9.615384615384617,19.230769230769234,0.0,7.211538461538462
179094,2.4691358024691357,9.876543209876543,46.91358024691358,2.4691358024691357,2.4691358024691357,29.62962962962963,24.691358024691358,7.407407407407407,12.345679012345679,4.938271604938271,7.407407407407407,0.0,4.938271604938271,12.345679012345679,2.4691358024691357,274.0740740740741,2.4691358024691357,0.0,19.753086419753085,0.0,0.0,0.0,0.0,14.814814814814815,2.4691358024691357,0.0,0.0,4.938271604938271,2.4691358024691357,0.0,0.0,0.0,0.0,0.0,2.4691358024691357,0.0,2.4691358024691357,9.876543209876543,61.72839506172839,54.32098765432099,12.345679012345679,64.19753086419753,0.5782493368700266,4.952254641909814,0.0,0.0,0.0,0.0,0.0,0.0,0.0,0.0,7.407407407407407,12.345679012345679,0.0,17.28395061728395,0.0,0.0,19.753086419753085,0.0,4.938271604938271,0.0,4.938271604938271,4.938271604938271,4.938271604938271,0.0,12.345679012345679
179190,76.35467980295567,17.241379310344826,27.093596059113302,7.389162561576354,0.0,81.2807881773399,4.926108374384237,12.315270935960593,7.389162561576354,4.926108374384237,4.926108374384237,0.0,12.315270935960593,19.704433497536947,7.389162561576354,246.30541871921181,12.315270935960593,0.0,36.94581280788178,2.4630541871921183,0.0,0.0,0.0,17.241379310344826,7.389162561576354,0.0,0.0,2.4630541871921183,2.4630541871921183,0.0,2.4630541871921183,0.0,0.0,2.4630541871921183,0.0,0.0,2.4630541871921183,9.852216748768473,91.13300492610837,46.79802955665024,9.852216748768473,19.704433497536947,0.5753768844221105,4.560301507537688,0.0,0.0,0.0,0.0,0.0,0.0,2.4630541871921183,2.4630541871921183,0.0,4.926108374384237,0.0,24.630541871921185,4.926108374384237,2.4630541871921183,9.852216748768473,0.0,0.0,0.0,2.4630541871921183,14.778325123152708,9.852216748768473,0.0,4.926108374384237
179941,102.94117647058823,22.058823529411764,0.0,9.803921568627452,7.352941176470588,0.0,0.0,9.803921568627452,61.27450980392157,0.0,4.901960784313726,0.0,29.41176470588235,7.352941176470588,0.0,208.33333333333334,14.705882352941176,2.450980392156863,26.96078431372549,0.0,2.450980392156863,0.0,0.0,24.509803921568626,4.901960784313726,0.0,0.0,0.0,19.607843137254903,2.450980392156863,0.0,0.0,0.0,0.0,0.0,0.0,0.0,17.156862745098042,102.94117647058823,41.666666666666664,4.901960784313726,61.27450980392157,0.49261083743842365,4.100985221674877,0.0,9.803921568627452,0.0,4.901960784313726,2.450980392156863,0.0,9.803921568627452,2.450980392156863,0.0,0.0,2.450980392156863,22.058823529411764,2.450980392156863,9.803921568627452,2.450980392156863,0.0,0.0,0.0,2.450980392156863,24.509803921568626,12.254901960784313,2.450980392156863,2.450980392156863
181349,96.77419354838709,7.444168734491315,12.40694789081886,9.925558312655086,2.4813895781637716,7.444168734491315,2.4813895781637716,64.51612903225806,9.925558312655086,2.4813895781637716,2.4813895781637716,2.4813895781637716,14.88833746898263,2.4813895781637716,2.4813895781637716,258.06451612903226,2.4813895781637716,0.0,32.25806451612903,0.0,4.962779156327543,0.0,2.4813895781637716,14.88833746898263,7.444168734491315,2.4813895781637716,2.4813895781637716,0.0,2.4813895781637716,2.4813895781637716,0.0,0.0,0.0,0.0,0.0,0.0,0.0,7.444168734491315,91.81141439205956,29.77667493796526,4.962779156327543,39.702233250620345,0.5558441558441558,4.503896103896104,0.0,12.40694789081886,0.0,0.0,0.0,0.0,0.0,2.4813895781637716,0.0,0.0,2.4813895781637716,17.3697270471464,0.0,2.4813895781637716,4.962779156327543,0.0,0.0,0.0,2.4813895781637716,9.925558312655086,17.3697270471464,2.4813895781637716,2.4813895781637716
181539,99.75062344139651,9.975062344139651,19.950124688279303,7.481296758104738,4.987531172069826,74.81296758104739,2.493765586034913,14.962593516209475,14.962593516209475,12.468827930174564,0.0,4.987531172069826,12.468827930174564,14.962593516209475,2.493765586034913,224.43890274314217,4.987531172069826,0.0,37.406483790523694,0.0,2.493765586034913,0.0,0.0,7.481296758104738,4.987531172069826,0.0,0.0,4.987531172069826,4.987531172069826,0.0,0.0,0.0,0.0,0.0,0.0,0.0,2.493765586034913,12.468827930174564,102.24438902743142,52.36907730673317,7.481296758104738,62.34413965087282,0.6055276381909548,4.449748743718593,0.0,0.0,0.0,2.493765586034913,7.481296758104738,0.0,0.0,4.987531172069826,0.0,0.0,0.0,12.468827930174564,0.0,0.0,2.493765586034913,2.493765586034913,0.0,0.0,4.987531172069826,4.987531172069826,14.962593516209475,0.0,4.987531172069826
185422,53.990610328638496,4.694835680751174,0.0,7.042253521126761,0.0,0.0,0.0,61.032863849765256,7.042253521126761,0.0,9.389671361502348,0.0,4.694835680751174,14.084507042253522,0.0,223.00469483568074,0.0,0.0,16.431924882629108,0.0,0.0,0.0,0.0,21.12676056338028,11.737089201877934,0.0,0.0,4.694835680751174,2.347417840375587,0.0,0.0,0.0,0.0,0.0,0.0,0.0,4.694835680751174,16.431924882629108,115.02347417840375,51.64319248826291,0.0,53.990610328638496,0.5393794749403341,4.498806682577565,2.347417840375587,0.0,2.347417840375587,2.347417840375587,14.084507042253522,0.0,7.042253521126761,4.694835680751174,0.0,18.779342723004696,0.0,9.389671361502348,0.0,4.694835680751174,4.694835680751174,0.0,0.0,0.0,7.042253521126761,9.389671361502348,9.389671361502348,0.0,4.694835680751174
186150,97.1563981042654,14.218009478672984,7.109004739336492,16.587677725118485,2.3696682464454977,9.47867298578199,0.0,104.26540284360189,7.109004739336492,0.0,2.3696682464454977,2.3696682464454977,9.47867298578199,7.109004739336492,2.3696682464454977,210.9004739336493,0.0,0.0,21.32701421800948,0.0,2.3696682464454977,0.0,4.739336492890995,16.587677725118485,4.739336492890995,2.3696682464454977,0.0,0.0,2.3696682464454977,0.0,0.0,0.0,0.0,0.0,0.0,4.739336492890995,0.0,9.47867298578199,101.89573459715639,47.393364928909946,4.739336492890995,68.72037914691943,0.5358851674641149,4.090909090909091,0.0,2.3696682464454977,0.0,2.3696682464454977,0.0,0.0,4.739336492890995,0.0,0.0,14.218009478672984,4.739336492890995,45.023696682464454,0.0,0.0,4.739336492890995,4.739336492890995,0.0,0.0,4.739336492890995,18.95734597156398,7.109004739336492,0.0,4.739336492890995
186598,67.33167082294264,39.900249376558605,67.33167082294264,0.0,0.0,79.80049875311721,12.468827930174564,17.456359102244388,9.975062344139651,9.975062344139651,0.0,4.987531172069826,32.418952618453865,19.950124688279303,0.0,149.62593516209478,14.962593516209475,4.987531172069826,34.912718204488776,2.493765586034913,12.468827930174564,4.987531172069826,0.0,17.456359102244388,2.493765586034913,0.0,2.493765586034913,0.0,0.0,0.0,22.443890274314214,0.0,0.0,0.0,0.0,0.0,2.493765586034913,4.987531172069826,72.31920199501248,29.92518703241895,4.987531172069826,52.36907730673317,0.5169712793733682,4.266318537859008,0.0,2.493765586034913,0.0,0.0,4.987531172069826,0.0,2.493765586034913,2.493765586034913,0.0,9.975062344139651,2.493765586034913,34.912718204488776,2.493765586034913,0.0,44.88778054862843,0.0,0.0,0.0,0.0,7.481296758104738,22.443890274314214,2.493765586034913,14.962593516209475
188289,78.239608801956,17.114914425427873,12.224938875305625,2.444987775061125,4.88997555012225,85.57457212713938,9.7799511002445,44.00977995110025,0.0,0.0,0.0,0.0,14.669926650366747,9.7799511002445,0.0,217.6039119804401,9.7799511002445,4.88997555012225,9.7799511002445,0.0,2.444987775061125,0.0,0.0,34.229828850855746,4.88997555012225,0.0,0.0,0.0,0.0,0.0,0.0,0.0,0.0,0.0,0.0,0.0,0.0,2.444987775061125,63.56968215158924,48.8997555012225,0.0,58.67970660146699,0.5062344139650873,4.089775561097257,2.444987775061125,0.0,4.88997555012225,0.0,17.114914425427873,2.444987775061125,0.0,4.88997555012225,0.0,4.88997555012225,9.7799511002445,26.89486552567237,4.88997555012225,0.0,0.0,0.0,0.0,0.0,7.334963325183374,12.224938875305625,19.559902200489,0.0,2.444987775061125
189038,91.58415841584159,14.85148514851485,7.425742574257425,7.425742574257425,4.9504950495049505,76.73267326732673,14.85148514851485,37.12871287128713,2.4752475247524752,0.0,2.4752475247524752,0.0,12.376237623762377,14.85148514851485,7.425742574257425,185.64356435643563,9.900990099009901,2.4752475247524752,12.376237623762377,0.0,2.4752475247524752,0.0,0.0,22.277227722772277,12.376237623762377,0.0,2.4752475247524752,4.9504950495049505,12.376237623762377,0.0,0.0,0.0,0.0,0.0,0.0,0.0,0.0,12.376237623762377,113.86138613861387,24.752475247524753,7.425742574257425,42.07920792079208,0.5247524752475248,4.358910891089109,0.0,0.0,0.0,0.0,0.0,2.4752475247524752,0.0,0.0,0.0,4.9504950495049505,4.9504950495049505,14.85148514851485,0.0,2.4752475247524752,0.0,0.0,0.0,0.0,0.0,19.801980198019802,29.7029702970297,0.0,2.4752475247524752
190986,102.94117647058823,12.254901960784313,2.450980392156863,4.901960784313726,0.0,2.450980392156863,4.901960784313726,71.07843137254902,7.352941176470588,0.0,0.0,0.0,9.803921568627452,4.901960784313726,0.0,264.70588235294116,0.0,0.0,14.705882352941176,0.0,0.0,0.0,0.0,12.254901960784313,9.803921568627452,2.450980392156863,2.450980392156863,2.450980392156863,2.450980392156863,0.0,2.450980392156863,0.0,0.0,0.0,0.0,0.0,0.0,19.607843137254903,107.84313725490196,36.76470588235294,12.254901960784313,41.666666666666664,0.5468354430379747,4.169620253164557,0.0,2.450980392156863,0.0,0.0,7.352941176470588,0.0,0.0,2.450980392156863,0.0,0.0,4.901960784313726,12.254901960784313,2.450980392156863,0.0,7.352941176470588,0.0,0.0,0.0,2.450980392156863,12.254901960784313,17.156862745098042,0.0,4.901960784313726
194258,99.50248756218906,12.437810945273633,32.33830845771144,2.487562189054726,0.0,67.16417910447761,17.412935323383085,54.72636815920398,7.462686567164179,2.487562189054726,2.487562189054726,0.0,24.875621890547265,12.437810945273633,0.0,176.61691542288557,4.975124378109452,0.0,22.388059701492537,4.975124378109452,0.0,0.0,0.0,17.412935323383085,2.487562189054726,2.487562189054726,0.0,0.0,4.975124378109452,0.0,7.462686567164179,0.0,0.0,0.0,0.0,0.0,0.0,9.950248756218905,99.50248756218906,39.80099502487562,4.975124378109452,47.2636815920398,0.5191815856777494,4.023017902813299,2.487562189054726,2.487562189054726,0.0,2.487562189054726,7.462686567164179,0.0,2.487562189054726,4.975124378109452,0.0,2.487562189054726,7.462686567164179,17.412935323383085,14.925373134328359,0.0,22.388059701492537,0.0,0.0,0.0,0.0,7.462686567164179,22.388059701492537,0.0,12.437810945273633
194499,116.33663366336634,14.85148514851485,14.85148514851485,7.425742574257425,0.0,84.15841584158416,19.801980198019802,61.88118811881188,2.4752475247524752,0.0,9.900990099009901,2.4752475247524752,29.7029702970297,14.85148514851485,0.0,133.66336633663366,4.9504950495049505,0.0,27.22772277227723,4.9504950495049505,4.9504950495049505,0.0,0.0,27.22772277227723,9.900990099009901,0.0,0.0,2.4752475247524752,12.376237623762377,0.0,0.0,0.0,0.0,0.0,0.0,0.0,4.9504950495049505,14.85148514851485,84.15841584158416,44.554455445544555,9.900990099009901,47.02970297029703,0.48866498740554154,3.9193954659949624,0.0,4.9504950495049505,0.0,0.0,4.9504950495049505,0.0,0.0,4.9504950495049505,0.0,2.4752475247524752,14.85148514851485,29.7029702970297,2.4752475247524752,12.376237623762377,12.376237623762377,4.9504950495049505,0.0,0.0,2.4752475247524752,9.900990099009901,12.376237623762377,0.0,4.9504950495049505
196097,53.01204819277108,9.63855421686747,60.24096385542169,0.0,2.4096385542168677,60.24096385542169,16.867469879518072,31.32530120481928,16.867469879518072,7.228915662650603,0.0,4.819277108433735,14.457831325301205,16.867469879518072,0.0,209.63855421686748,2.4096385542168677,0.0,33.734939759036145,2.4096385542168677,0.0,4.819277108433735,0.0,26.50602409638554,9.63855421686747,0.0,0.0,2.4096385542168677,2.4096385542168677,0.0,2.4096385542168677,0.0,0.0,0.0,0.0,0.0,7.228915662650603,7.228915662650603,67.46987951807229,40.96385542168675,7.228915662650603,33.734939759036145,0.5516372795969773,4.433249370277078,0.0,2.4096385542168677,0.0,0.0,7.228915662650603,0.0,7.228915662650603,7.228915662650603,0.0,9.63855421686747,2.4096385542168677,26.50602409638554,2.4096385542168677,0.0,31.32530120481928,2.4096385542168677,0.0,0.0,2.4096385542168677,2.4096385542168677,12.048192771084338,0.0,7.228915662650603
196100,103.7037037037037,4.938271604938271,2.4691358024691357,7.407407407407407,0.0,0.0,0.0,88.88888888888889,19.753086419753085,0.0,0.0,0.0,9.876543209876543,19.753086419753085,0.0,219.7530864197531,0.0,4.938271604938271,29.62962962962963,0.0,0.0,0.0,0.0,24.691358024691358,0.0,0.0,4.938271604938271,0.0,7.407407407407407,0.0,0.0,0.0,0.0,0.0,0.0,0.0,12.345679012345679,14.814814814814815,86.41975308641975,64.19753086419753,12.345679012345679,24.691358024691358,0.5175879396984925,4.374371859296482,2.4691358024691357,9.876543209876543,0.0,4.938271604938271,0.0,0.0,2.4691358024691357,0.0,0.0,0.0,0.0,9.876543209876543,9.876543209876543,12.345679012345679,2.4691358024691357,0.0,0.0,0.0,0.0,12.345679012345679,19.753086419753085,0.0,2.4691358024691357
19653,106.28019323671498,9.66183574879227,36.231884057971016,14.492753623188406,2.4154589371980677,99.03381642512076,4.830917874396135,38.64734299516908,14.492753623188406,4.830917874396135,12.077294685990339,2.4154589371980677,12.077294685990339,7.246376811594203,0.0,152.17391304347828,4.830917874396135,0.0,28.985507246376812,0.0,2.4154589371980677,0.0,0.0,28.985507246376812,9.66183574879227,0.0,2.4154589371980677,0.0,0.0,0.0,0.0,0.0,0.0,0.0,0.0,0.0,4.830917874396135,14.492753623188406,70.04830917874396,24.154589371980677,9.66183574879227,82.1256038647343,0.5272277227722773,3.967821782178218,0.0,2.4154589371980677,2.4154589371980677,0.0,9.66183574879227,0.0,2.4154589371980677,7.246376811594203,0.0,0.0,9.66183574879227,24.154589371980677,2.4154589371980677,0.0,21.73913043478261,2.4154589371980677,2.4154589371980677,0.0,4.830917874396135,14.492753623188406,33.81642512077295,0.0,4.830917874396135
198111,96.53465346534654,24.752475247524753,51.980198019801975,2.4752475247524752,4.9504950495049505,133.66336633663366,7.425742574257425,0.0,24.752475247524753,4.9504950495049505,29.7029702970297,0.0,22.277227722772277,7.425742574257425,2.4752475247524752,150.99009900990097,7.425742574257425,0.0,44.554455445544555,4.9504950495049505,0.0,0.0,0.0,17.32673267326733,9.900990099009901,0.0,0.0,0.0,2.4752475247524752,0.0,4.9504950495049505,0.0,0.0,0.0,0.0,0.0,2.4752475247524752,14.85148514851485,89.10891089108911,29.7029702970297,2.4752475247524752,86.63366336633663,0.5261780104712042,4.060209424083769,0.0,0.0,7.425742574257425,2.4752475247524752,9.900990099009901,0.0,0.0,0.0,0.0,0.0,0.0,34.65346534653466,2.4752475247524752,0.0,44.554455445544555,0.0,0.0,0.0,2.4752475247524752,4.9504950495049505,12.376237623762377,0.0,4.9504950495049505
203178,74.07407407407408,4.62962962962963,9.25925925925926,2.314814814814815,4.62962962962963,6.944444444444444,2.314814814814815,43.98148148148148,9.25925925925926,0.0,0.0,0.0,11.574074074074073,4.62962962962963,0.0,259.25925925925924,2.314814814814815,0.0,9.25925925925926,0.0,2.314814814814815,0.0,0.0,25.462962962962962,13.888888888888888,2.314814814814815,2.314814814814815,0.0,11.574074074074073,0.0,0.0,0.0,0.0,0.0,0.0,0.0,0.0,13.888888888888888,94.90740740740742,62.5,4.62962962962963,43.98148148148148,0.5402843601895735,4.850710900473934,6.944444444444444,0.0,0.0,0.0,13.888888888888888,0.0,0.0,2.314814814814815,0.0,20.833333333333332,2.314814814814815,11.574074074074073,2.314814814814815,0.0,4.62962962962963,0.0,0.0,0.0,4.62962962962963,11.574074074074073,11.574074074074073,0.0,2.314814814814815
203370,111.1111111111111,7.246376811594203,9.66183574879227,7.246376811594203,0.0,57.971014492753625,9.66183574879227,26.570048309178745,26.570048309178745,2.4154589371980677,9.66183574879227,4.830917874396135,24.154589371980677,4.830917874396135,2.4154589371980677,176.32850241545896,14.492753623188406,0.0,21.73913043478261,4.830917874396135,0.0,0.0,2.4154589371980677,26.570048309178745,26.570048309178745,0.0,2.4154589371980677,0.0,2.4154589371980677,0.0,0.0,0.0,2.4154589371980677,0.0,0.0,0.0,2.4154589371980677,7.246376811594203,113.52657004830918,26.570048309178745,2.4154589371980677,38.64734299516908,0.46454767726161367,3.924205378973105,0.0,0.0,7.246376811594203,0.0,7.246376811594203,0.0,2.4154589371980677,2.4154589371980677,0.0,0.0,7.246376811594203,36.231884057971016,7.246376811594203,4.830917874396135,4.830917874396135,0.0,2.4154589371980677,0.0,0.0,14.492753623188406,19.32367149758454,4.830917874396135,4.830917874396135
20357,107.84313725490196,4.901960784313726,14.705882352941176,0.0,0.0,12.254901960784313,4.901960784313726,58.8235294117647,7.352941176470588,2.450980392156863,2.450980392156863,0.0,14.705882352941176,9.803921568627452,0.0,250.0,2.450980392156863,4.901960784313726,31.862745098039213,0.0,4.901960784313726,0.0,0.0,14.705882352941176,2.450980392156863,0.0,4.901960784313726,2.450980392156863,7.352941176470588,0.0,2.450980392156863,0.0,0.0,2.450980392156863,0.0,0.0,0.0,12.254901960784313,90.68627450980392,34.313725490196084,9.803921568627452,34.313725490196084,0.4900497512437811,4.552238805970149,0.0,0.0,0.0,0.0,12.254901960784313,0.0,2.450980392156863,2.450980392156863,0.0,2.450980392156863,9.803921568627452,14.705882352941176,0.0,4.901960784313726,7.352941176470588,0.0,0.0,0.0,2.450980392156863,7.352941176470588,19.607843137254903,0.0,0.0
208784,91.81141439205956,2.4813895781637716,17.3697270471464,4.962779156327543,0.0,27.29528535980149,7.444168734491315,24.81389578163772,7.444168734491315,2.4813895781637716,4.962779156327543,2.4813895781637716,9.925558312655086,14.88833746898263,2.4813895781637716,233.25062034739454,19.851116625310173,2.4813895781637716,42.183622828784124,2.4813895781637716,4.962779156327543,0.0,2.4813895781637716,34.7394540942928,2.4813895781637716,2.4813895781637716,2.4813895781637716,2.4813895781637716,2.4813895781637716,0.0,0.0,0.0,2.4813895781637716,2.4813895781637716,0.0,0.0,4.962779156327543,12.40694789081886,86.848635235732,62.03473945409429,9.925558312655086,42.183622828784124,0.5413533834586466,4.68671679197995,7.444168734491315,2.4813895781637716,0.0,0.0,7.444168734491315,0.0,2.4813895781637716,0.0,0.0,4.962779156327543,4.962779156327543,27.29528535980149,2.4813895781637716,2.4813895781637716,0.0,0.0,0.0,0.0,0.0,12.40694789081886,4.962779156327543,7.444168734491315,4.962779156327543
211092,84.36724565756825,7.444168734491315,0.0,4.962779156327543,7.444168734491315,52.10918114143921,0.0,42.183622828784124,14.88833746898263,0.0,0.0,0.0,4.962779156327543,4.962779156327543,2.4813895781637716,225.80645161290323,0.0,0.0,9.925558312655086,0.0,2.4813895781637716,0.0,0.0,27.29528535980149,9.925558312655086,0.0,2.4813895781637716,0.0,2.4813895781637716,0.0,0.0,0.0,0.0,0.0,0.0,0.0,0.0,17.3697270471464,99.25558312655087,66.99751861042184,2.4813895781637716,37.220843672456574,0.47341772151898737,4.134177215189873,0.0,2.4813895781637716,0.0,0.0,0.0,0.0,4.962779156327543,7.444168734491315,0.0,0.0,0.0,19.851116625310173,7.444168734491315,0.0,0.0,0.0,0.0,0.0,2.4813895781637716,7.444168734491315,12.40694789081886,0.0,0.0
212708,105.91133004926108,14.778325123152708,14.778325123152708,9.852216748768473,0.0,103.44827586206897,7.389162561576354,2.4630541871921183,27.093596059113302,2.4630541871921183,2.4630541871921183,0.0,24.630541871921185,7.389162561576354,4.926108374384237,177.3399014778325,7.389162561576354,0.0,34.48275862068965,0.0,2.4630541871921183,0.0,0.0,22.167487684729064,4.926108374384237,2.4630541871921183,2.4630541871921183,0.0,12.315270935960593,0.0,0.0,2.4630541871921183,0.0,0.0,0.0,0.0,2.4630541871921183,7.389162561576354,108.37438423645321,39.40886699507389,14.778325123152708,44.33497536945813,0.5174129353233831,4.189054726368159,2.4630541871921183,2.4630541871921183,0.0,2.4630541871921183,0.0,0.0,12.315270935960593,2.4630541871921183,0.0,2.4630541871921183,12.315270935960593,34.48275862068965,0.0,0.0,7.389162561576354,0.0,2.4630541871921183,0.0,2.4630541871921183,14.778325123152708,17.241379310344826,2.4630541871921183,9.852216748768473
214595,36.76470588235294,0.0,0.0,2.450980392156863,0.0,0.0,0.0,26.96078431372549,12.254901960784313,2.450980392156863,0.0,0.0,4.901960784313726,39.21568627450981,2.450980392156863,252.45098039215685,7.352941176470588,2.450980392156863,9.803921568627452,2.450980392156863,2.450980392156863,0.0,0.0,24.509803921568626,9.803921568627452,0.0,0.0,0.0,0.0,0.0,0.0,0.0,0.0,2.450980392156863,0.0,0.0,0.0,4.901960784313726,125.0,61.27450980392157,0.0,29.41176470588235,0.4838709677419355,5.240694789081886,2.450980392156863,0.0,0.0,0.0,2.450980392156863,0.0,17.156862745098042,12.254901960784313,0.0,7.352941176470588,0.0,14.705882352941176,12.254901960784313,0.0,0.0,0.0,0.0,0.0,7.352941176470588,26.96078431372549,7.352941176470588,0.0,4.901960784313726
215049,100.96153846153847,4.807692307692308,4.807692307692308,7.211538461538462,4.807692307692308,4.807692307692308,0.0,76.92307692307693,16.826923076923077,2.403846153846154,4.807692307692308,0.0,9.615384615384617,21.634615384615383,2.403846153846154,242.78846153846155,7.211538461538462,0.0,28.846153846153847,0.0,0.0,0.0,2.403846153846154,19.230769230769234,2.403846153846154,2.403846153846154,2.403846153846154,0.0,7.211538461538462,0.0,0.0,0.0,0.0,0.0,0.0,0.0,2.403846153846154,7.211538461538462,100.96153846153847,50.48076923076923,9.615384615384617,28.846153846153847,0.5612745098039216,4.708333333333333,0.0,2.403846153846154,0.0,4.807692307692308,2.403846153846154,2.403846153846154,2.403846153846154,0.0,0.0,4.807692307692308,2.403846153846154,14.423076923076923,0.0,2.403846153846154,0.0,0.0,0.0,0.0,0.0,12.01923076923077,14.423076923076923,0.0,7.211538461538462
215749,99.29078014184398,16.548463356973993,2.3640661938534278,11.82033096926714,0.0,0.0,0.0,113.47517730496453,21.27659574468085,0.0,9.456264775413711,2.3640661938534278,16.548463356973993,21.27659574468085,4.7281323877068555,189.12529550827423,4.7281323877068555,0.0,18.912529550827422,0.0,4.7281323877068555,0.0,0.0,28.368794326241133,2.3640661938534278,0.0,2.3640661938534278,0.0,7.092198581560283,0.0,0.0,0.0,0.0,0.0,0.0,0.0,0.0,14.184397163120567,118.2033096926714,47.28132387706856,9.456264775413711,54.37352245862884,0.5239234449760766,4.421052631578948,2.3640661938534278,2.3640661938534278,0.0,0.0,7.092198581560283,0.0,9.456264775413711,2.3640661938534278,2.3640661938534278,4.7281323877068555,4.7281323877068555,21.27659574468085,2.3640661938534278,2.3640661938534278,4.7281323877068555,2.3640661938534278,2.3640661938534278,0.0,4.7281323877068555,4.7281323877068555,14.184397163120567,2.3640661938534278,7.092198581560283
217318,115.19607843137254,9.803921568627452,4.901960784313726,2.450980392156863,0.0,88.23529411764706,0.0,2.450980392156863,12.254901960784313,0.0,2.450980392156863,0.0,12.254901960784313,14.705882352941176,2.450980392156863,169.11764705882354,22.058823529411764,0.0,41.666666666666664,2.450980392156863,9.803921568627452,0.0,0.0,26.96078431372549,4.901960784313726,4.901960784313726,0.0,0.0,2.450980392156863,2.450980392156863,0.0,0.0,0.0,0.0,0.0,0.0,0.0,4.901960784313726,85.7843137254902,34.313725490196084,17.156862745098042,71.07843137254902,0.528395061728395,4.523456790123457,4.901960784313726,0.0,2.450980392156863,0.0,14.705882352941176,0.0,2.450980392156863,2.450980392156863,0.0,9.803921568627452,0.0,17.156862745098042,0.0,4.901960784313726,7.352941176470588,0.0,2.450980392156863,0.0,2.450980392156863,17.156862745098042,22.058823529411764,0.0,7.352941176470588
218166,85.995085995086,12.285012285012284,2.457002457002457,0.0,0.0,0.0,0.0,51.597051597051596,7.371007371007371,0.0,7.371007371007371,2.457002457002457,19.656019656019655,27.027027027027028,4.914004914004914,235.87223587223588,7.371007371007371,0.0,19.656019656019655,0.0,2.457002457002457,0.0,0.0,17.1990171990172,9.828009828009828,4.914004914004914,0.0,0.0,4.914004914004914,0.0,4.914004914004914,0.0,0.0,2.457002457002457,0.0,0.0,0.0,4.914004914004914,130.2211302211302,34.3980343980344,7.371007371007371,34.3980343980344,0.5555555555555556,4.590123456790123,4.914004914004914,0.0,0.0,4.914004914004914,2.457002457002457,0.0,4.914004914004914,0.0,2.457002457002457,0.0,4.914004914004914,17.1990171990172,2.457002457002457,4.914004914004914,0.0,2.457002457002457,2.457002457002457,0.0,0.0,19.656019656019655,12.285012285012284,2.457002457002457,7.371007371007371
218302,100.49019607843138,4.901960784313726,19.607843137254903,7.352941176470588,4.901960784313726,61.27450980392157,0.0,34.313725490196084,22.058823529411764,4.901960784313726,2.450980392156863,2.450980392156863,22.058823529411764,2.450980392156863,2.450980392156863,186.27450980392157,2.450980392156863,0.0,41.666666666666664,2.450980392156863,0.0,2.450980392156863,2.450980392156863,22.058823529411764,7.352941176470588,2.450980392156863,0.0,0.0,4.901960784313726,2.450980392156863,2.450980392156863,0.0,0.0,0.0,0.0,0.0,4.901960784313726,12.254901960784313,83.33333333333333,34.313725490196084,4.901960784313726,71.07843137254902,0.5012594458438288,4.0,2.450980392156863,2.450980392156863,2.450980392156863,0.0,12.254901960784313,0.0,4.901960784313726,2.450980392156863,0.0,4.901960784313726,2.450980392156863,24.509803921568626,0.0,2.450980392156863,19.607843137254903,2.450980392156863,0.0,0.0,4.901960784313726,4.901960784313726,12.254901960784313,0.0,7.352941176470588
218425,71.78217821782178,4.9504950495049505,47.02970297029703,4.9504950495049505,14.85148514851485,71.78217821782178,17.32673267326733,9.900990099009901,32.17821782178218,9.900990099009901,4.9504950495049505,7.425742574257425,4.9504950495049505,7.425742574257425,0.0,240.0990099009901,4.9504950495049505,0.0,17.32673267326733,0.0,0.0,0.0,0.0,7.425742574257425,19.801980198019802,0.0,2.4752475247524752,0.0,2.4752475247524752,0.0,0.0,0.0,0.0,0.0,0.0,0.0,0.0,7.425742574257425,66.83168316831683,17.32673267326733,4.9504950495049505,59.4059405940594,0.5388739946380697,4.3002680965147455,0.0,0.0,0.0,0.0,12.376237623762377,4.9504950495049505,2.4752475247524752,7.425742574257425,0.0,12.376237623762377,2.4752475247524752,4.9504950495049505,2.4752475247524752,0.0,27.22772277227723,0.0,0.0,0.0,0.0,0.0,7.425742574257425,0.0,12.376237623762377
218921,64.03940886699507,17.241379310344826,36.94581280788178,4.926108374384237,0.0,24.630541871921185,39.40886699507389,34.48275862068965,12.315270935960593,9.852216748768473,0.0,7.389162561576354,7.389162561576354,7.389162561576354,2.4630541871921183,194.58128078817734,2.4630541871921183,0.0,12.315270935960593,0.0,0.0,0.0,0.0,19.704433497536947,9.852216748768473,2.4630541871921183,2.4630541871921183,0.0,0.0,0.0,0.0,0.0,0.0,0.0,0.0,0.0,2.4630541871921183,7.389162561576354,93.59605911330048,61.576354679802954,4.926108374384237,59.11330049261083,0.5130208333333334,4.143229166666667,0.0,2.4630541871921183,2.4630541871921183,0.0,17.241379310344826,0.0,4.926108374384237,0.0,2.4630541871921183,9.852216748768473,4.926108374384237,7.389162561576354,0.0,2.4630541871921183,36.94581280788178,2.4630541871921183,4.926108374384237,0.0,12.315270935960593,7.389162561576354,12.315270935960593,0.0,7.389162561576354
221074,104.73815461346634,19.950124688279303,4.987531172069826,14.962593516209475,7.481296758104738,87.28179551122194,0.0,9.975062344139651,12.468827930174564,2.493765586034913,14.962593516209475,0.0,24.93765586034913,17.456359102244388,4.987531172069826,182.04488778054863,0.0,0.0,24.93765586034913,0.0,7.481296758104738,0.0,0.0,17.456359102244388,12.468827930174564,2.493765586034913,0.0,7.481296758104738,4.987531172069826,0.0,2.493765586034913,0.0,0.0,0.0,0.0,0.0,2.493765586034913,14.962593516209475,102.24438902743142,24.93765586034913,7.481296758104738,84.78802992518703,0.5421994884910486,4.294117647058823,0.0,2.493765586034913,7.481296758104738,2.493765586034913,24.93765586034913,0.0,4.987531172069826,4.987531172069826,0.0,0.0,2.493765586034913,29.92518703241895,0.0,4.987531172069826,0.0,2.493765586034913,0.0,0.0,9.975062344139651,2.493765586034913,14.962593516209475,2.493765586034913,2.493765586034913
222328,117.07317073170732,0.0,0.0,2.4390243902439024,0.0,0.0,0.0,17.073170731707318,17.073170731707318,0.0,2.4390243902439024,0.0,17.073170731707318,19.51219512195122,2.4390243902439024,212.1951219512195,19.51219512195122,0.0,36.58536585365854,0.0,4.878048780487805,0.0,2.4390243902439024,26.829268292682926,9.75609756097561,0.0,2.4390243902439024,0.0,12.195121951219512,0.0,0.0,0.0,0.0,0.0,0.0,0.0,14.634146341463415,19.51219512195122,100.0,90.24390243902438,14.634146341463415,36.58536585365854,0.5427872860635696,4.809290953545232,2.4390243902439024,0.0,0.0,2.4390243902439024,2.4390243902439024,0.0,0.0,2.4390243902439024,0.0,7.317073170731708,7.317073170731708,12.195121951219512,2.4390243902439024,0.0,2.4390243902439024,0.0,0.0,0.0,2.4390243902439024,9.75609756097561,17.073170731707318,2.4390243902439024,7.317073170731708
22317,104.8780487804878,12.195121951219512,24.390243902439025,12.195121951219512,14.634146341463415,102.4390243902439,9.75609756097561,14.634146341463415,14.634146341463415,2.4390243902439024,7.317073170731708,0.0,14.634146341463415,4.878048780487805,2.4390243902439024,173.17073170731706,0.0,0.0,36.58536585365854,0.0,0.0,0.0,0.0,2.4390243902439024,14.634146341463415,0.0,0.0,0.0,4.878048780487805,2.4390243902439024,2.4390243902439024,0.0,0.0,0.0,0.0,0.0,0.0,14.634146341463415,70.73170731707316,48.78048780487805,9.75609756097561,80.48780487804878,0.5025125628140703,4.0954773869346734,0.0,0.0,0.0,0.0,19.51219512195122,0.0,2.4390243902439024,2.4390243902439024,0.0,2.4390243902439024,4.878048780487805,21.95121951219512,2.4390243902439024,2.4390243902439024,19.51219512195122,0.0,0.0,0.0,2.4390243902439024,12.195121951219512,14.634146341463415,0.0,7.317073170731708
230092,94.8905109489051,36.4963503649635,0.0,12.165450121654501,2.4330900243309004,0.0,0.0,121.65450121654501,9.732360097323602,0.0,2.4330900243309004,0.0,12.165450121654501,0.0,0.0,201.94647201946472,7.299270072992701,0.0,7.299270072992701,0.0,0.0,0.0,0.0,12.165450121654501,2.4330900243309004,0.0,7.299270072992701,0.0,9.732360097323602,0.0,0.0,0.0,0.0,0.0,0.0,0.0,2.4330900243309004,21.897810218978105,94.8905109489051,31.630170316301705,0.0,51.09489051094891,0.486284289276808,4.162094763092269,2.4330900243309004,0.0,0.0,0.0,2.4330900243309004,0.0,2.4330900243309004,4.866180048661801,0.0,7.299270072992701,0.0,34.0632603406326,2.4330900243309004,0.0,21.897810218978105,7.299270072992701,0.0,0.0,7.299270072992701,0.0,14.598540145985401,0.0,2.4330900243309004
2310,66.50246305418719,9.852216748768473,0.0,0.0,0.0,0.0,0.0,68.9655172413793,2.4630541871921183,0.0,0.0,0.0,9.852216748768473,14.778325123152708,0.0,268.4729064039409,4.926108374384237,2.4630541871921183,7.389162561576354,0.0,2.4630541871921183,0.0,0.0,22.167487684729064,12.315270935960593,4.926108374384237,0.0,0.0,0.0,0.0,2.4630541871921183,0.0,0.0,0.0,0.0,0.0,0.0,14.778325123152708,88.66995073891626,41.87192118226601,2.4630541871921183,54.187192118226605,0.5710659898477157,4.819796954314721,0.0,4.926108374384237,0.0,2.4630541871921183,2.4630541871921183,0.0,0.0,4.926108374384237,0.0,19.704433497536947,2.4630541871921183,22.167487684729064,2.4630541871921183,0.0,2.4630541871921183,0.0,0.0,0.0,4.926108374384237,27.093596059113302,14.778325123152708,0.0,7.389162561576354
231452,103.44827586206897,17.241379310344826,9.852216748768473,4.926108374384237,4.926108374384237,73.89162561576356,27.093596059113302,22.167487684729064,29.556650246305416,0.0,0.0,0.0,4.926108374384237,19.704433497536947,0.0,137.9310344827586,2.4630541871921183,0.0,29.556650246305416,0.0,2.4630541871921183,0.0,0.0,51.724137931034484,12.315270935960593,0.0,0.0,0.0,0.0,0.0,0.0,0.0,0.0,0.0,0.0,0.0,9.852216748768473,7.389162561576354,59.11330049261083,22.167487684729064,17.241379310344826,71.42857142857143,0.4671717171717172,3.8762626262626263,2.4630541871921183,0.0,2.4630541871921183,0.0,14.778325123152708,4.926108374384237,4.926108374384237,7.389162561576354,2.4630541871921183,4.926108374384237,2.4630541871921183,22.167487684729064,0.0,12.315270935960593,12.315270935960593,0.0,0.0,0.0,4.926108374384237,4.926108374384237,34.48275862068965,4.926108374384237,12.315270935960593
231730,79.80049875311721,4.987531172069826,0.0,4.987531172069826,0.0,22.443890274314214,4.987531172069826,54.86284289276808,22.443890274314214,0.0,0.0,0.0,22.443890274314214,4.987531172069826,0.0,219.45137157107231,7.481296758104738,0.0,14.962593516209475,2.493765586034913,2.493765586034913,0.0,0.0,12.468827930174564,4.987531172069826,0.0,0.0,0.0,14.962593516209475,0.0,2.493765586034913,0.0,2.493765586034913,0.0,0.0,0.0,0.0,4.987531172069826,119.7007481296758,34.912718204488776,0.0,29.92518703241895,0.516209476309227,4.167082294264339,2.493765586034913,0.0,0.0,2.493765586034913,0.0,0.0,4.987531172069826,4.987531172069826,0.0,24.93765586034913,2.493765586034913,12.468827930174564,4.987531172069826,7.481296758104738,0.0,0.0,0.0,0.0,0.0,7.481296758104738,24.93765586034913,0.0,7.481296758104738
233175,68.9655172413793,12.315270935960593,0.0,4.926108374384237,0.0,0.0,0.0,44.33497536945813,4.926108374384237,0.0,0.0,0.0,7.389162561576354,12.315270935960593,2.4630541871921183,248.76847290640393,19.704433497536947,2.4630541871921183,9.852216748768473,0.0,0.0,0.0,0.0,17.241379310344826,4.926108374384237,4.926108374384237,0.0,0.0,0.0,0.0,0.0,0.0,0.0,0.0,0.0,0.0,0.0,9.852216748768473,137.9310344827586,78.81773399014779,0.0,24.630541871921185,0.5610972568578554,4.7356608478802995,2.4630541871921183,0.0,0.0,0.0,0.0,0.0,7.389162561576354,0.0,0.0,12.315270935960593,2.4630541871921183,12.315270935960593,4.926108374384237,0.0,4.926108374384237,0.0,0.0,0.0,2.4630541871921183,22.167487684729064,7.389162561576354,0.0,2.4630541871921183
233723,91.56626506024097,12.048192771084338,2.4096385542168677,2.4096385542168677,0.0,79.51807228915662,0.0,9.63855421686747,2.4096385542168677,0.0,0.0,0.0,9.63855421686747,16.867469879518072,2.4096385542168677,212.04819277108433,16.867469879518072,0.0,21.686746987951807,0.0,0.0,2.4096385542168677,0.0,16.867469879518072,9.63855421686747,0.0,2.4096385542168677,2.4096385542168677,2.4096385542168677,0.0,0.0,0.0,0.0,0.0,0.0,0.0,0.0,9.63855421686747,113.25301204819277,72.28915662650603,7.228915662650603,40.96385542168675,0.5230024213075061,4.215496368038741,0.0,2.4096385542168677,0.0,0.0,2.4096385542168677,0.0,0.0,4.819277108433735,2.4096385542168677,0.0,0.0,9.63855421686747,0.0,0.0,4.819277108433735,0.0,0.0,0.0,7.228915662650603,21.686746987951807,9.63855421686747,2.4096385542168677,4.819277108433735
235863,92.6829268292683,24.390243902439025,2.4390243902439024,9.75609756097561,4.878048780487805,0.0,2.4390243902439024,82.92682926829269,12.195121951219512,2.4390243902439024,2.4390243902439024,2.4390243902439024,9.75609756097561,4.878048780487805,0.0,195.1219512195122,7.317073170731708,4.878048780487805,14.634146341463415,0.0,9.75609756097561,0.0,0.0,36.58536585365854,17.073170731707318,0.0,2.4390243902439024,0.0,0.0,0.0,0.0,0.0,0.0,0.0,0.0,0.0,2.4390243902439024,9.75609756097561,87.80487804878048,58.53658536585366,0.0,65.85365853658537,0.5110565110565111,4.3906633906633905,0.0,0.0,0.0,0.0,7.317073170731708,0.0,0.0,2.4390243902439024,0.0,0.0,0.0,21.95121951219512,0.0,7.317073170731708,2.4390243902439024,0.0,0.0,0.0,12.195121951219512,7.317073170731708,7.317073170731708,2.4390243902439024,4.878048780487805
238232,98.8235294117647,30.58823529411765,21.176470588235293,4.705882352941176,2.352941176470588,94.11764705882352,11.76470588235294,21.176470588235293,7.058823529411765,7.058823529411765,7.058823529411765,2.352941176470588,28.23529411764706,25.88235294117647,0.0,192.94117647058823,4.705882352941176,0.0,21.176470588235293,0.0,0.0,0.0,0.0,18.823529411764703,7.058823529411765,2.352941176470588,2.352941176470588,0.0,0.0,0.0,2.352941176470588,0.0,0.0,0.0,0.0,0.0,0.0,7.058823529411765,101.1764705882353,21.176470588235293,4.705882352941176,68.23529411764706,0.5528846153846154,4.4639423076923075,2.352941176470588,2.352941176470588,0.0,2.352941176470588,4.705882352941176,0.0,2.352941176470588,2.352941176470588,0.0,0.0,7.058823529411765,32.94117647058824,2.352941176470588,0.0,7.058823529411765,2.352941176470588,4.705882352941176,0.0,4.705882352941176,2.352941176470588,16.47058823529412,0.0,7.058823529411765
238980,71.25307125307125,31.94103194103194,4.914004914004914,2.457002457002457,0.0,12.285012285012284,0.0,29.484029484029485,19.656019656019655,0.0,2.457002457002457,0.0,9.828009828009828,44.22604422604422,9.828009828009828,226.04422604422606,0.0,0.0,12.285012285012284,0.0,2.457002457002457,0.0,0.0,17.1990171990172,7.371007371007371,2.457002457002457,12.285012285012284,0.0,9.828009828009828,0.0,0.0,0.0,0.0,0.0,0.0,0.0,4.914004914004914,9.828009828009828,117.93611793611794,83.53808353808354,2.457002457002457,29.484029484029485,0.5384615384615384,5.305210918114144,2.457002457002457,0.0,0.0,0.0,0.0,0.0,0.0,0.0,2.457002457002457,0.0,2.457002457002457,22.11302211302211,0.0,2.457002457002457,2.457002457002457,0.0,0.0,0.0,4.914004914004914,12.285012285012284,7.371007371007371,0.0,7.371007371007371
239819,104.62287104622871,19.464720194647203,0.0,4.866180048661801,0.0,77.85888077858881,0.0,4.866180048661801,7.299270072992701,0.0,0.0,0.0,17.0316301703163,4.866180048661801,7.299270072992701,226.27737226277372,7.299270072992701,4.866180048661801,19.464720194647203,2.4330900243309004,2.4330900243309004,0.0,0.0,34.0632603406326,0.0,0.0,2.4330900243309004,0.0,2.4330900243309004,4.866180048661801,4.866180048661801,0.0,0.0,0.0,0.0,0.0,0.0,12.165450121654501,99.7566909975669,53.5279805352798,4.866180048661801,43.79562043795621,0.5149253731343284,4.370646766169155,0.0,4.866180048661801,0.0,0.0,7.299270072992701,0.0,2.4330900243309004,0.0,0.0,12.165450121654501,4.866180048661801,24.330900243309003,2.4330900243309004,2.4330900243309004,7.299270072992701,0.0,2.4330900243309004,0.0,9.732360097323602,7.299270072992701,21.897810218978105,2.4330900243309004,4.866180048661801
241571,110.31175059952038,11.990407673860911,0.0,9.592326139088728,0.0,0.0,0.0,71.94244604316546,23.980815347721823,0.0,9.592326139088728,0.0,26.378896882494004,16.786570743405274,2.398081534772182,167.86570743405278,9.592326139088728,0.0,23.980815347721823,2.398081534772182,9.592326139088728,0.0,7.194244604316547,21.58273381294964,2.398081534772182,0.0,0.0,0.0,2.398081534772182,0.0,0.0,0.0,0.0,0.0,0.0,0.0,7.194244604316547,26.378896882494004,76.73860911270982,26.378896882494004,0.0,64.74820143884892,0.4547677261613692,4.34718826405868,0.0,0.0,0.0,0.0,7.194244604316547,0.0,4.796163069544364,7.194244604316547,0.0,19.184652278177456,2.398081534772182,26.378896882494004,7.194244604316547,4.796163069544364,7.194244604316547,0.0,2.398081534772182,0.0,0.0,7.194244604316547,19.184652278177456,2.398081534772182,14.388489208633095
242180,127.45098039215685,34.313725490196084,0.0,7.352941176470588,4.901960784313726,102.94117647058823,0.0,41.666666666666664,7.352941176470588,4.901960784313726,7.352941176470588,0.0,12.254901960784313,7.352941176470588,0.0,147.05882352941177,9.803921568627452,0.0,41.666666666666664,0.0,4.901960784313726,0.0,0.0,24.509803921568626,2.450980392156863,0.0,0.0,0.0,4.901960784313726,0.0,4.901960784313726,0.0,0.0,0.0,0.0,0.0,2.450980392156863,12.254901960784313,80.88235294117648,41.666666666666664,12.254901960784313,80.88235294117648,0.4696969696969697,3.9343434343434343,0.0,2.450980392156863,4.901960784313726,0.0,4.901960784313726,0.0,0.0,17.156862745098042,0.0,4.901960784313726,4.901960784313726,34.313725490196084,2.450980392156863,0.0,26.96078431372549,0.0,4.901960784313726,0.0,0.0,4.901960784313726,29.41176470588235,2.450980392156863,26.96078431372549
244420,115.66265060240964,14.457831325301205,4.819277108433735,2.4096385542168677,0.0,108.43373493975903,0.0,26.50602409638554,19.27710843373494,4.819277108433735,4.819277108433735,0.0,33.734939759036145,7.228915662650603,0.0,159.03614457831324,0.0,0.0,45.78313253012048,2.4096385542168677,2.4096385542168677,0.0,0.0,12.048192771084338,4.819277108433735,2.4096385542168677,0.0,2.4096385542168677,7.228915662650603,2.4096385542168677,7.228915662650603,0.0,0.0,0.0,2.4096385542168677,0.0,9.63855421686747,16.867469879518072,79.51807228915662,28.91566265060241,9.63855421686747,72.28915662650603,0.5024875621890548,4.082089552238806,2.4096385542168677,0.0,0.0,0.0,9.63855421686747,0.0,0.0,4.819277108433735,0.0,16.867469879518072,0.0,31.32530120481928,0.0,2.4096385542168677,26.50602409638554,2.4096385542168677,0.0,0.0,4.819277108433735,4.819277108433735,19.27710843373494,2.4096385542168677,19.27710843373494
245718,108.91089108910892,22.277227722772277,4.9504950495049505,9.900990099009901,2.4752475247524752,39.603960396039604,2.4752475247524752,59.4059405940594,9.900990099009901,0.0,0.0,0.0,12.376237623762377,24.752475247524753,0.0,217.82178217821783,2.4752475247524752,0.0,29.7029702970297,2.4752475247524752,0.0,0.0,0.0,12.376237623762377,7.425742574257425,7.425742574257425,0.0,2.4752475247524752,4.9504950495049505,0.0,2.4752475247524752,0.0,0.0,0.0,0.0,2.4752475247524752,0.0,9.900990099009901,76.73267326732673,49.504950495049506,2.4752475247524752,49.504950495049506,0.5338345864661654,4.318295739348371,0.0,9.900990099009901,0.0,0.0,4.9504950495049505,0.0,0.0,7.425742574257425,0.0,0.0,2.4752475247524752,19.801980198019802,4.9504950495049505,2.4752475247524752,0.0,0.0,2.4752475247524752,0.0,7.425742574257425,4.9504950495049505,12.376237623762377,2.4752475247524752,2.4752475247524752
251620,61.12469437652811,2.444987775061125,44.00977995110025,12.224938875305625,2.444987775061125,97.799511002445,24.44987775061125,31.78484107579462,12.224938875305625,7.334963325183374,2.444987775061125,0.0,14.669926650366747,7.334963325183374,2.444987775061125,178.4841075794621,0.0,0.0,39.119804400978,2.444987775061125,0.0,0.0,0.0,24.44987775061125,12.224938875305625,0.0,0.0,2.444987775061125,2.444987775061125,0.0,2.444987775061125,0.0,0.0,0.0,0.0,0.0,2.444987775061125,9.7799511002445,92.90953545232274,31.78484107579462,4.88997555012225,44.00977995110025,0.5470737913486005,3.94147582697201,0.0,0.0,2.444987775061125,0.0,9.7799511002445,0.0,0.0,2.444987775061125,4.88997555012225,12.224938875305625,7.334963325183374,22.004889975550125,4.88997555012225,0.0,39.119804400978,7.334963325183374,0.0,0.0,0.0,0.0,9.7799511002445,0.0,7.334963325183374
253711,93.36609336609337,4.914004914004914,44.22604422604422,9.828009828009828,0.0,117.93611793611794,17.1990171990172,61.42506142506143,2.457002457002457,2.457002457002457,0.0,2.457002457002457,24.570024570024568,19.656019656019655,0.0,169.5331695331695,2.457002457002457,0.0,31.94103194103194,0.0,0.0,0.0,0.0,14.742014742014742,4.914004914004914,2.457002457002457,0.0,0.0,9.828009828009828,0.0,0.0,0.0,0.0,0.0,0.0,0.0,0.0,12.285012285012284,95.82309582309583,12.285012285012284,4.914004914004914,54.054054054054056,0.44923857868020306,3.99492385786802,4.914004914004914,0.0,2.457002457002457,0.0,4.914004914004914,0.0,0.0,14.742014742014742,0.0,0.0,12.285012285012284,34.3980343980344,2.457002457002457,2.457002457002457,27.027027027027028,2.457002457002457,2.457002457002457,0.0,0.0,12.285012285012284,34.3980343980344,0.0,9.828009828009828
254554,107.84313725490196,12.254901960784313,4.901960784313726,0.0,0.0,105.3921568627451,0.0,7.352941176470588,22.058823529411764,0.0,7.352941176470588,7.352941176470588,26.96078431372549,19.607843137254903,0.0,156.86274509803923,7.352941176470588,0.0,34.313725490196084,0.0,2.450980392156863,0.0,0.0,49.01960784313725,2.450980392156863,0.0,0.0,0.0,4.901960784313726,0.0,0.0,0.0,2.450980392156863,14.705882352941176,0.0,0.0,0.0,7.352941176470588,78.43137254901961,44.11764705882353,24.509803921568626,39.21568627450981,0.49502487562189057,4.263681592039801,2.450980392156863,0.0,0.0,0.0,2.450980392156863,0.0,2.450980392156863,0.0,0.0,4.901960784313726,7.352941176470588,17.156862745098042,14.705882352941176,0.0,7.352941176470588,4.901960784313726,0.0,0.0,4.901960784313726,14.705882352941176,17.156862745098042,0.0,4.901960784313726
254804,70.73170731707316,4.878048780487805,0.0,2.4390243902439024,4.878048780487805,0.0,0.0,31.70731707317073,14.634146341463415,0.0,4.878048780487805,0.0,12.195121951219512,14.634146341463415,9.75609756097561,265.8536585365854,2.4390243902439024,0.0,12.195121951219512,0.0,0.0,0.0,0.0,17.073170731707318,12.195121951219512,0.0,4.878048780487805,2.4390243902439024,2.4390243902439024,0.0,0.0,0.0,0.0,0.0,0.0,0.0,2.4390243902439024,14.634146341463415,107.3170731707317,70.73170731707316,4.878048780487805,36.58536585365854,0.583743842364532,4.746305418719212,0.0,2.4390243902439024,2.4390243902439024,0.0,0.0,2.4390243902439024,2.4390243902439024,2.4390243902439024,0.0,4.878048780487805,0.0,12.195121951219512,0.0,9.75609756097561,0.0,0.0,0.0,0.0,2.4390243902439024,19.51219512195122,4.878048780487805,0.0,0.0
258803,82.29426433915212,17.456359102244388,2.493765586034913,4.987531172069826,2.493765586034913,92.26932668329177,0.0,2.493765586034913,4.987531172069826,0.0,2.493765586034913,0.0,4.987531172069826,19.950124688279303,12.468827930174564,214.4638403990025,4.987531172069826,0.0,14.962593516209475,4.987531172069826,4.987531172069826,0.0,0.0,17.456359102244388,12.468827930174564,0.0,2.493765586034913,2.493765586034913,2.493765586034913,0.0,0.0,0.0,2.493765586034913,0.0,0.0,0.0,0.0,12.468827930174564,122.19451371571071,42.394014962593516,2.493765586034913,42.394014962593516,0.55,4.545,2.493765586034913,2.493765586034913,0.0,0.0,9.975062344139651,2.493765586034913,2.493765586034913,2.493765586034913,0.0,0.0,0.0,19.950124688279303,4.987531172069826,2.493765586034913,0.0,0.0,0.0,0.0,2.493765586034913,14.962593516209475,17.456359102244388,2.493765586034913,0.0
261295,58.0046403712297,0.0,0.0,4.640371229698376,0.0,2.320185614849188,11.600928074245939,46.403712296983755,16.241299303944317,0.0,4.640371229698376,0.0,16.241299303944317,6.960556844547564,6.960556844547564,211.13689095127611,4.640371229698376,0.0,11.600928074245939,2.320185614849188,0.0,2.320185614849188,0.0,27.842227378190255,4.640371229698376,0.0,4.640371229698376,2.320185614849188,2.320185614849188,4.640371229698376,6.960556844547564,0.0,0.0,0.0,0.0,0.0,0.0,6.960556844547564,102.08816705336426,32.48259860788863,4.640371229698376,71.92575406032482,0.5434782608695652,4.659420289855072,13.921113689095128,0.0,4.640371229698376,2.320185614849188,20.88167053364269,0.0,0.0,2.320185614849188,0.0,39.443155452436194,6.960556844547564,20.88167053364269,2.320185614849188,6.960556844547564,30.162412993039442,0.0,0.0,0.0,11.600928074245939,2.320185614849188,18.561484918793504,0.0,11.600928074245939
262495,52.75779376498801,7.194244604316547,0.0,0.0,0.0,0.0,0.0,0.0,35.97122302158273,2.398081534772182,0.0,0.0,11.990407673860911,11.990407673860911,9.592326139088728,278.17745803357315,9.592326139088728,0.0,14.388489208633095,0.0,2.398081534772182,0.0,0.0,23.980815347721823,11.990407673860911,2.398081534772182,0.0,0.0,7.194244604316547,0.0,0.0,0.0,0.0,4.796163069544364,0.0,0.0,0.0,4.796163069544364,100.71942446043165,91.12709832134293,0.0,43.16546762589928,0.6240786240786241,5.196560196560196,0.0,4.796163069544364,0.0,2.398081534772182,9.592326139088728,0.0,4.796163069544364,7.194244604316547,0.0,0.0,0.0,11.990407673860911,16.786570743405274,0.0,2.398081534772182,0.0,2.398081534772182,0.0,4.796163069544364,23.980815347721823,2.398081534772182,2.398081534772182,2.398081534772182
262629,91.13300492610837,4.926108374384237,12.315270935960593,7.389162561576354,2.4630541871921183,105.91133004926108,12.315270935960593,39.40886699507389,7.389162561576354,2.4630541871921183,7.389162561576354,0.0,24.630541871921185,14.778325123152708,0.0,167.48768472906403,0.0,0.0,17.241379310344826,2.4630541871921183,0.0,0.0,2.4630541871921183,19.704433497536947,4.926108374384237,2.4630541871921183,4.926108374384237,2.4630541871921183,4.926108374384237,0.0,0.0,0.0,0.0,0.0,0.0,0.0,4.926108374384237,12.315270935960593,103.44827586206897,39.40886699507389,2.4630541871921183,56.65024630541872,0.5074626865671642,3.763681592039801,2.4630541871921183,4.926108374384237,0.0,0.0,2.4630541871921183,0.0,0.0,7.389162561576354,0.0,2.4630541871921183,4.926108374384237,24.630541871921185,4.926108374384237,2.4630541871921183,9.852216748768473,2.4630541871921183,4.926108374384237,0.0,0.0,9.852216748768473,12.315270935960593,0.0,7.389162561576354
264230,85.71428571428571,7.142857142857142,0.0,0.0,9.523809523809526,0.0,0.0,133.33333333333334,0.0,0.0,0.0,0.0,16.666666666666668,7.142857142857142,2.3809523809523814,195.23809523809524,2.3809523809523814,0.0,11.904761904761903,0.0,7.142857142857142,0.0,0.0,23.809523809523807,4.761904761904763,2.3809523809523814,0.0,0.0,14.285714285714285,0.0,0.0,0.0,0.0,0.0,0.0,0.0,0.0,21.428571428571427,119.04761904761904,30.952380952380953,2.3809523809523814,40.47619047619048,0.44794188861985473,4.171912832929782,0.0,0.0,0.0,0.0,4.761904761904763,0.0,0.0,0.0,0.0,23.809523809523807,0.0,26.19047619047619,4.761904761904763,0.0,16.666666666666668,0.0,0.0,0.0,9.523809523809526,2.3809523809523814,11.904761904761903,0.0,0.0
264543,110.83743842364532,14.778325123152708,17.241379310344826,2.4630541871921183,4.926108374384237,98.52216748768474,7.389162561576354,24.630541871921185,9.852216748768473,0.0,7.389162561576354,4.926108374384237,19.704433497536947,19.704433497536947,2.4630541871921183,177.3399014778325,4.926108374384237,0.0,49.26108374384237,2.4630541871921183,2.4630541871921183,0.0,0.0,24.630541871921185,7.389162561576354,0.0,0.0,0.0,7.389162561576354,0.0,2.4630541871921183,0.0,0.0,0.0,0.0,0.0,0.0,12.315270935960593,98.52216748768474,17.241379310344826,32.01970443349754,29.556650246305416,0.49747474747474746,4.148989898989899,0.0,2.4630541871921183,0.0,2.4630541871921183,2.4630541871921183,0.0,0.0,7.389162561576354,0.0,0.0,7.389162561576354,9.852216748768473,7.389162561576354,2.4630541871921183,17.241379310344826,0.0,2.4630541871921183,0.0,0.0,2.4630541871921183,19.704433497536947,0.0,9.852216748768473
266414,92.00968523002422,2.4213075060532687,9.685230024213075,2.4213075060532687,0.0,106.53753026634382,0.0,7.263922518159807,2.4213075060532687,0.0,9.685230024213075,0.0,19.37046004842615,26.634382566585955,0.0,215.4963680387409,9.685230024213075,0.0,21.791767554479417,0.0,0.0,0.0,0.0,26.634382566585955,12.106537530266344,2.4213075060532687,0.0,0.0,4.842615012106537,0.0,7.263922518159807,0.0,0.0,0.0,0.0,2.4213075060532687,0.0,4.842615012106537,89.58837772397095,48.426150121065376,4.842615012106537,38.7409200968523,0.5902439024390244,4.724390243902439,0.0,0.0,0.0,0.0,0.0,0.0,0.0,9.685230024213075,0.0,4.842615012106537,0.0,26.634382566585955,0.0,0.0,7.263922518159807,0.0,0.0,0.0,7.263922518159807,4.842615012106537,24.213075060532688,0.0,2.4213075060532687
270168,81.2807881773399,14.778325123152708,4.926108374384237,7.389162561576354,0.0,4.926108374384237,2.4630541871921183,96.0591133004926,4.926108374384237,4.926108374384237,9.852216748768473,0.0,17.241379310344826,17.241379310344826,2.4630541871921183,189.65517241379308,4.926108374384237,0.0,24.630541871921185,0.0,0.0,0.0,0.0,24.630541871921185,2.4630541871921183,2.4630541871921183,4.926108374384237,0.0,2.4630541871921183,2.4630541871921183,7.389162561576354,0.0,0.0,0.0,0.0,2.4630541871921183,2.4630541871921183,12.315270935960593,88.66995073891626,56.65024630541872,9.852216748768473,56.65024630541872,0.48009950248756217,4.579601990049751,0.0,2.4630541871921183,0.0,0.0,2.4630541871921183,0.0,0.0,0.0,0.0,12.315270935960593,0.0,12.315270935960593,0.0,2.4630541871921183,2.4630541871921183,0.0,0.0,0.0,12.315270935960593,32.01970443349754,24.630541871921185,0.0,0.0
271508,101.73697270471465,2.4813895781637716,12.40694789081886,2.4813895781637716,4.962779156327543,81.88585607940446,4.962779156327543,42.183622828784124,9.925558312655086,0.0,2.4813895781637716,0.0,17.3697270471464,17.3697270471464,2.4813895781637716,161.29032258064515,0.0,4.962779156327543,17.3697270471464,0.0,2.4813895781637716,0.0,0.0,32.25806451612903,7.444168734491315,0.0,0.0,2.4813895781637716,0.0,0.0,7.444168734491315,0.0,0.0,0.0,0.0,0.0,0.0,19.851116625310173,84.36724565756825,27.29528535980149,2.4813895781637716,71.96029776674938,0.5188916876574308,4.073047858942066,0.0,4.962779156327543,0.0,0.0,12.40694789081886,7.444168734491315,7.444168734491315,4.962779156327543,0.0,4.962779156327543,9.925558312655086,19.851116625310173,4.962779156327543,2.4813895781637716,12.40694789081886,0.0,0.0,0.0,2.4813895781637716,17.3697270471464,7.444168734491315,4.962779156327543,12.40694789081886
271840,72.992700729927,2.4330900243309004,24.330900243309003,4.866180048661801,0.0,4.866180048661801,12.165450121654501,43.79562043795621,14.598540145985401,0.0,4.866180048661801,0.0,24.330900243309003,31.630170316301705,0.0,218.97810218978103,7.299270072992701,0.0,21.897810218978105,0.0,0.0,0.0,0.0,14.598540145985401,7.299270072992701,4.866180048661801,7.299270072992701,0.0,12.165450121654501,2.4330900243309004,0.0,0.0,0.0,2.4330900243309004,0.0,0.0,2.4330900243309004,17.0316301703163,97.32360097323601,75.42579075425792,7.299270072992701,26.7639902676399,0.5497512437810945,4.606965174129353,0.0,2.4330900243309004,0.0,2.4330900243309004,2.4330900243309004,0.0,0.0,4.866180048661801,0.0,7.299270072992701,14.598540145985401,21.897810218978105,2.4330900243309004,9.732360097323602,9.732360097323602,0.0,0.0,0.0,0.0,24.330900243309003,14.598540145985401,0.0,0.0
272265,96.47058823529412,30.58823529411765,0.0,9.411764705882351,0.0,0.0,0.0,80.0,0.0,4.705882352941176,2.352941176470588,0.0,7.058823529411765,11.76470588235294,2.352941176470588,235.2941176470588,7.058823529411765,2.352941176470588,21.176470588235293,2.352941176470588,14.11764705882353,0.0,0.0,16.47058823529412,7.058823529411765,0.0,0.0,0.0,2.352941176470588,0.0,2.352941176470588,0.0,0.0,0.0,0.0,2.352941176470588,0.0,9.411764705882351,91.76470588235294,40.0,7.058823529411765,49.41176470588235,0.5393794749403341,4.692124105011933,2.352941176470588,2.352941176470588,0.0,0.0,4.705882352941176,0.0,4.705882352941176,4.705882352941176,0.0,2.352941176470588,7.058823529411765,21.176470588235293,2.352941176470588,2.352941176470588,0.0,0.0,0.0,0.0,4.705882352941176,9.411764705882351,25.88235294117647,0.0,2.352941176470588
273067,91.12709832134293,26.378896882494004,2.398081534772182,4.796163069544364,0.0,0.0,0.0,45.563549160671464,19.184652278177456,7.194244604316547,9.592326139088728,2.398081534772182,26.378896882494004,31.17505995203837,4.796163069544364,220.62350119904076,0.0,0.0,23.980815347721823,0.0,2.398081534772182,0.0,0.0,19.184652278177456,2.398081534772182,2.398081534772182,2.398081534772182,0.0,11.990407673860911,0.0,2.398081534772182,0.0,0.0,0.0,0.0,0.0,2.398081534772182,14.388489208633095,93.52517985611512,47.961630695443645,7.194244604316547,52.75779376498801,0.5609756097560976,4.607317073170732,0.0,0.0,0.0,0.0,7.194244604316547,0.0,4.796163069544364,7.194244604316547,0.0,2.398081534772182,7.194244604316547,14.388489208633095,0.0,0.0,7.194244604316547,0.0,0.0,0.0,4.796163069544364,11.990407673860911,9.592326139088728,0.0,4.796163069544364
274581,109.48905109489051,19.464720194647203,0.0,2.4330900243309004,4.866180048661801,0.0,0.0,68.1265206812652,17.0316301703163,0.0,4.866180048661801,0.0,9.732360097323602,9.732360097323602,2.4330900243309004,182.4817518248175,7.299270072992701,4.866180048661801,9.732360097323602,2.4330900243309004,2.4330900243309004,0.0,0.0,48.661800486618006,4.866180048661801,4.866180048661801,2.4330900243309004,0.0,4.866180048661801,0.0,4.866180048661801,0.0,0.0,0.0,0.0,0.0,2.4330900243309004,21.897810218978105,77.85888077858881,24.330900243309003,7.299270072992701,53.5279805352798,0.4682926829268293,4.5024390243902435,2.4330900243309004,0.0,0.0,4.866180048661801,0.0,2.4330900243309004,0.0,4.866180048661801,0.0,4.866180048661801,0.0,12.165450121654501,2.4330900243309004,4.866180048661801,0.0,0.0,0.0,0.0,4.866180048661801,17.0316301703163,19.464720194647203,4.866180048661801,0.0
277863,110.8433734939759,9.63855421686747,28.91566265060241,4.819277108433735,2.4096385542168677,9.63855421686747,12.048192771084338,137.34939759036143,7.228915662650603,0.0,0.0,2.4096385542168677,4.819277108433735,7.228915662650603,0.0,183.13253012048193,4.819277108433735,0.0,19.27710843373494,0.0,4.819277108433735,0.0,0.0,21.686746987951807,9.63855421686747,0.0,0.0,0.0,0.0,0.0,0.0,0.0,0.0,0.0,0.0,0.0,0.0,26.50602409638554,84.33734939759036,16.867469879518072,9.63855421686747,77.10843373493977,0.48507462686567165,4.2288557213930345,2.4096385542168677,4.819277108433735,0.0,0.0,21.686746987951807,0.0,2.4096385542168677,7.228915662650603,0.0,0.0,14.457831325301205,28.91566265060241,4.819277108433735,2.4096385542168677,24.096385542168676,0.0,0.0,0.0,4.819277108433735,16.867469879518072,21.686746987951807,0.0,12.048192771084338
278851,57.21393034825871,12.437810945273633,39.80099502487562,7.462686567164179,0.0,99.50248756218906,2.487562189054726,2.487562189054726,12.437810945273633,4.975124378109452,19.90049751243781,0.0,12.437810945273633,12.437810945273633,0.0,169.1542288557214,2.487562189054726,0.0,32.33830845771144,2.487562189054726,0.0,0.0,2.487562189054726,12.437810945273633,9.950248756218905,0.0,2.487562189054726,2.487562189054726,0.0,0.0,2.487562189054726,0.0,0.0,0.0,0.0,0.0,4.975124378109452,14.925373134328359,92.03980099502488,52.23880597014925,9.950248756218905,64.67661691542288,0.5658914728682171,4.129198966408269,0.0,4.975124378109452,2.487562189054726,0.0,4.975124378109452,0.0,2.487562189054726,12.437810945273633,0.0,12.437810945273633,0.0,29.850746268656717,0.0,0.0,32.33830845771144,0.0,4.975124378109452,0.0,0.0,2.487562189054726,17.412935323383085,0.0,7.462686567164179
278854,133.81995133819953,7.299270072992701,2.4330900243309004,17.0316301703163,4.866180048661801,104.62287104622871,4.866180048661801,31.630170316301705,12.165450121654501,0.0,4.866180048661801,7.299270072992701,19.464720194647203,14.598540145985401,0.0,204.37956204379563,0.0,0.0,14.598540145985401,0.0,2.4330900243309004,0.0,0.0,12.165450121654501,4.866180048661801,0.0,0.0,0.0,2.4330900243309004,0.0,2.4330900243309004,2.4330900243309004,0.0,2.4330900243309004,0.0,0.0,7.299270072992701,17.0316301703163,87.59124087591242,9.732360097323602,7.299270072992701,58.394160583941606,0.47,4.125,2.4330900243309004,0.0,4.866180048661801,2.4330900243309004,7.299270072992701,0.0,2.4330900243309004,0.0,0.0,4.866180048661801,4.866180048661801,24.330900243309003,4.866180048661801,2.4330900243309004,2.4330900243309004,0.0,2.4330900243309004,0.0,2.4330900243309004,9.732360097323602,38.929440389294406,2.4330900243309004,0.0
278856,100.71942446043165,0.0,0.0,11.990407673860911,0.0,0.0,0.0,50.35971223021583,4.796163069544364,0.0,2.398081534772182,0.0,11.990407673860911,14.388489208633095,9.592326139088728,261.3908872901678,11.990407673860911,0.0,19.184652278177456,0.0,0.0,0.0,0.0,21.58273381294964,11.990407673860911,0.0,0.0,0.0,9.592326139088728,0.0,0.0,0.0,0.0,2.398081534772182,0.0,0.0,0.0,19.184652278177456,117.50599520383693,38.36930455635491,4.796163069544364,9.592326139088728,0.5384615384615384,4.944711538461538,0.0,0.0,0.0,4.796163069544364,2.398081534772182,0.0,0.0,0.0,0.0,0.0,0.0,4.796163069544364,0.0,2.398081534772182,0.0,0.0,0.0,0.0,0.0,21.58273381294964,11.990407673860911,2.398081534772182,0.0
280494,58.8235294117647,0.0,0.0,0.0,0.0,0.0,0.0,4.901960784313726,7.352941176470588,2.450980392156863,0.0,0.0,9.803921568627452,26.96078431372549,2.450980392156863,306.37254901960785,4.901960784313726,4.901960784313726,12.254901960784313,0.0,2.450980392156863,0.0,0.0,12.254901960784313,17.156862745098042,4.901960784313726,0.0,0.0,7.352941176470588,0.0,2.450980392156863,0.0,0.0,0.0,0.0,0.0,0.0,9.803921568627452,102.94117647058823,122.54901960784314,7.352941176470588,22.058823529411764,0.575682382133995,5.523573200992556,0.0,0.0,0.0,0.0,4.901960784313726,0.0,14.705882352941176,4.901960784313726,0.0,2.450980392156863,2.450980392156863,7.352941176470588,2.450980392156863,0.0,0.0,0.0,0.0,0.0,2.450980392156863,17.156862745098042,2.450980392156863,0.0,0.0
28121,67.5990675990676,2.331002331002331,9.324009324009324,4.662004662004662,9.324009324009324,65.26806526806527,9.324009324009324,11.655011655011656,6.993006993006993,0.0,0.0,0.0,2.331002331002331,13.986013986013987,4.662004662004662,254.07925407925407,4.662004662004662,0.0,13.986013986013987,0.0,2.331002331002331,0.0,0.0,9.324009324009324,13.986013986013987,2.331002331002331,2.331002331002331,0.0,2.331002331002331,0.0,0.0,0.0,0.0,0.0,0.0,0.0,0.0,16.317016317016318,118.88111888111888,58.27505827505827,2.331002331002331,46.62004662004662,0.585081585081585,4.410256410256411,0.0,0.0,0.0,2.331002331002331,9.324009324009324,0.0,0.0,2.331002331002331,0.0,2.331002331002331,6.993006993006993,9.324009324009324,0.0,0.0,0.0,2.331002331002331,0.0,0.0,2.331002331002331,6.993006993006993,9.324009324009324,0.0,0.0
282163,104.8780487804878,14.634146341463415,12.195121951219512,0.0,2.4390243902439024,9.75609756097561,9.75609756097561,117.07317073170732,7.317073170731708,2.4390243902439024,2.4390243902439024,4.878048780487805,12.195121951219512,7.317073170731708,0.0,195.1219512195122,0.0,0.0,19.51219512195122,0.0,0.0,0.0,0.0,26.829268292682926,9.75609756097561,2.4390243902439024,0.0,0.0,0.0,2.4390243902439024,2.4390243902439024,2.4390243902439024,0.0,0.0,0.0,0.0,0.0,14.634146341463415,87.80487804878048,21.95121951219512,17.073170731707318,41.463414634146346,0.5024752475247525,4.274752475247524,2.4390243902439024,0.0,2.4390243902439024,0.0,9.75609756097561,0.0,0.0,9.75609756097561,0.0,4.878048780487805,4.878048780487805,34.146341463414636,7.317073170731708,0.0,9.75609756097561,0.0,4.878048780487805,0.0,2.4390243902439024,2.4390243902439024,14.634146341463415,4.878048780487805,4.878048780487805
283302,106.69975186104217,17.3697270471464,2.4813895781637716,2.4813895781637716,7.444168734491315,76.92307692307693,14.88833746898263,27.29528535980149,12.40694789081886,4.962779156327543,7.444168734491315,4.962779156327543,19.851116625310173,7.444168734491315,0.0,191.0669975186104,12.40694789081886,2.4813895781637716,29.77667493796526,0.0,7.444168734491315,0.0,0.0,39.702233250620345,2.4813895781637716,0.0,0.0,2.4813895781637716,0.0,0.0,7.444168734491315,2.4813895781637716,0.0,0.0,0.0,0.0,4.962779156327543,9.925558312655086,52.10918114143921,22.332506203473944,14.88833746898263,57.07196029776674,0.51010101010101,4.217171717171717,4.962779156327543,0.0,0.0,0.0,0.0,0.0,0.0,2.4813895781637716,0.0,22.332506203473944,7.444168734491315,22.332506203473944,9.925558312655086,7.444168734491315,2.4813895781637716,0.0,0.0,0.0,17.3697270471464,9.925558312655086,24.81389578163772,2.4813895781637716,2.4813895781637716
284868,74.81296758104739,4.987531172069826,32.418952618453865,9.975062344139651,2.493765586034913,99.75062344139651,14.962593516209475,14.962593516209475,4.987531172069826,4.987531172069826,0.0,4.987531172069826,22.443890274314214,12.468827930174564,4.987531172069826,192.01995012468828,4.987531172069826,0.0,27.43142144638404,0.0,0.0,0.0,0.0,19.950124688279303,12.468827930174564,2.493765586034913,0.0,0.0,4.987531172069826,2.493765586034913,2.493765586034913,0.0,0.0,0.0,0.0,0.0,0.0,9.975062344139651,97.25685785536159,49.87531172069826,2.493765586034913,52.36907730673317,0.5695876288659794,4.064432989690721,0.0,0.0,2.493765586034913,0.0,4.987531172069826,0.0,2.493765586034913,7.481296758104738,0.0,2.493765586034913,4.987531172069826,19.950124688279303,2.493765586034913,0.0,24.93765586034913,2.493765586034913,4.987531172069826,0.0,0.0,9.975062344139651,24.93765586034913,0.0,4.987531172069826
28494,76.92307692307693,9.925558312655086,0.0,7.444168734491315,9.925558312655086,0.0,0.0,29.77667493796526,17.3697270471464,0.0,0.0,0.0,22.332506203473944,17.3697270471464,2.4813895781637716,230.76923076923077,9.925558312655086,0.0,0.0,0.0,0.0,0.0,0.0,12.40694789081886,7.444168734491315,2.4813895781637716,0.0,2.4813895781637716,17.3697270471464,0.0,2.4813895781637716,0.0,0.0,0.0,0.0,0.0,2.4813895781637716,12.40694789081886,131.5136476426799,71.96029776674938,0.0,49.62779156327544,0.5552763819095478,4.726130653266332,2.4813895781637716,7.444168734491315,0.0,4.962779156327543,0.0,0.0,17.3697270471464,0.0,0.0,9.925558312655086,2.4813895781637716,2.4813895781637716,0.0,7.444168734491315,0.0,0.0,0.0,0.0,0.0,19.851116625310173,9.925558312655086,0.0,2.4813895781637716
2853,95.82309582309583,29.484029484029485,0.0,0.0,0.0,0.0,0.0,29.484029484029485,12.285012285012284,0.0,2.457002457002457,0.0,12.285012285012284,7.371007371007371,9.828009828009828,248.15724815724815,14.742014742014742,0.0,29.484029484029485,4.914004914004914,2.457002457002457,0.0,0.0,17.1990171990172,0.0,0.0,12.285012285012284,4.914004914004914,7.371007371007371,0.0,0.0,0.0,0.0,0.0,0.0,0.0,2.457002457002457,9.828009828009828,108.10810810810811,36.85503685503686,9.828009828009828,49.140049140049136,0.473551637279597,4.604534005037784,2.457002457002457,2.457002457002457,0.0,0.0,9.828009828009828,0.0,4.914004914004914,2.457002457002457,0.0,0.0,2.457002457002457,14.742014742014742,0.0,7.371007371007371,4.914004914004914,0.0,0.0,0.0,4.914004914004914,2.457002457002457,17.1990171990172,0.0,4.914004914004914
286398,32.17821782178218,4.9504950495049505,106.43564356435644,0.0,0.0,99.00990099009901,2.4752475247524752,27.22772277227723,27.22772277227723,0.0,12.376237623762377,4.9504950495049505,12.376237623762377,7.425742574257425,0.0,136.13861386138615,4.9504950495049505,0.0,66.83168316831683,4.9504950495049505,4.9504950495049505,0.0,0.0,19.801980198019802,2.4752475247524752,0.0,4.9504950495049505,0.0,4.9504950495049505,0.0,2.4752475247524752,0.0,0.0,0.0,4.9504950495049505,0.0,0.0,17.32673267326733,66.83168316831683,27.22772277227723,14.85148514851485,76.73267326732673,0.49736842105263157,3.8342105263157893,0.0,4.9504950495049505,4.9504950495049505,2.4752475247524752,27.22772277227723,0.0,2.4752475247524752,2.4752475247524752,2.4752475247524752,12.376237623762377,7.425742574257425,22.277227722772277,2.4752475247524752,0.0,59.4059405940594,0.0,0.0,0.0,7.425742574257425,7.425742574257425,19.801980198019802,0.0,14.85148514851485
286595,82.7250608272506,21.897810218978105,7.299270072992701,2.4330900243309004,4.866180048661801,87.59124087591242,24.330900243309003,12.165450121654501,2.4330900243309004,7.299270072992701,0.0,0.0,19.464720194647203,17.0316301703163,2.4330900243309004,214.1119221411192,4.866180048661801,0.0,31.630170316301705,2.4330900243309004,0.0,0.0,0.0,7.299270072992701,17.0316301703163,0.0,4.866180048661801,0.0,2.4330900243309004,0.0,4.866180048661801,0.0,0.0,0.0,0.0,2.4330900243309004,0.0,4.866180048661801,119.2214111922141,60.82725060827251,7.299270072992701,29.197080291970803,0.5245098039215687,4.470588235294118,0.0,0.0,0.0,0.0,2.4330900243309004,2.4330900243309004,0.0,7.299270072992701,0.0,4.866180048661801,2.4330900243309004,29.197080291970803,2.4330900243309004,0.0,0.0,0.0,2.4330900243309004,0.0,4.866180048661801,17.0316301703163,7.299270072992701,0.0,0.0
286626,80.95238095238096,19.04761904761905,0.0,7.142857142857142,4.761904761904763,0.0,0.0,54.76190476190476,0.0,0.0,4.761904761904763,0.0,11.904761904761903,11.904761904761903,11.904761904761903,302.38095238095235,7.142857142857142,2.3809523809523814,16.666666666666668,0.0,2.3809523809523814,0.0,0.0,4.761904761904763,9.523809523809526,2.3809523809523814,2.3809523809523814,0.0,7.142857142857142,0.0,2.3809523809523814,0.0,0.0,0.0,0.0,0.0,0.0,16.666666666666668,114.28571428571428,54.76190476190476,0.0,30.952380952380953,0.5349397590361445,4.88433734939759,0.0,0.0,0.0,0.0,0.0,0.0,4.761904761904763,7.142857142857142,0.0,0.0,0.0,23.809523809523807,0.0,0.0,0.0,0.0,0.0,0.0,2.3809523809523814,14.285714285714285,7.142857142857142,0.0,0.0
286840,77.4818401937046,12.106537530266344,2.4213075060532687,14.527845036319613,0.0,0.0,2.4213075060532687,53.26876513317191,2.4213075060532687,4.842615012106537,0.0,0.0,4.842615012106537,9.685230024213075,2.4213075060532687,259.0799031476997,9.685230024213075,0.0,21.791767554479417,0.0,2.4213075060532687,0.0,0.0,16.949152542372882,7.263922518159807,0.0,7.263922518159807,4.842615012106537,4.842615012106537,0.0,0.0,0.0,0.0,0.0,4.842615012106537,0.0,0.0,2.4213075060532687,138.01452784503633,48.426150121065376,2.4213075060532687,50.84745762711865,0.5450121654501217,4.644768856447689,7.263922518159807,4.842615012106537,0.0,0.0,4.842615012106537,0.0,0.0,2.4213075060532687,0.0,2.4213075060532687,2.4213075060532687,9.685230024213075,4.842615012106537,0.0,0.0,0.0,0.0,0.0,0.0,14.527845036319613,12.106537530266344,0.0,9.685230024213075
288048,97.01492537313433,22.388059701492537,4.975124378109452,0.0,2.487562189054726,0.0,0.0,22.388059701492537,29.850746268656717,2.487562189054726,4.975124378109452,0.0,34.82587064676617,37.31343283582089,4.975124378109452,223.88059701492537,2.487562189054726,0.0,34.82587064676617,0.0,0.0,0.0,0.0,7.462686567164179,4.975124378109452,2.487562189054726,0.0,0.0,29.850746268656717,4.975124378109452,0.0,0.0,0.0,0.0,0.0,0.0,2.487562189054726,12.437810945273633,114.42786069651741,62.18905472636816,2.487562189054726,32.33830845771144,0.5175879396984925,4.821608040201005,2.487562189054726,2.487562189054726,0.0,2.487562189054726,0.0,0.0,9.950248756218905,2.487562189054726,0.0,7.462686567164179,0.0,7.462686567164179,2.487562189054726,2.487562189054726,0.0,0.0,0.0,0.0,0.0,9.950248756218905,12.437810945273633,0.0,12.437810945273633
29016,99.75062344139651,7.481296758104738,22.443890274314214,7.481296758104738,2.493765586034913,99.75062344139651,22.443890274314214,17.456359102244388,14.962593516209475,2.493765586034913,0.0,0.0,12.468827930174564,7.481296758104738,2.493765586034913,201.99501246882792,9.975062344139651,0.0,29.92518703241895,2.493765586034913,0.0,0.0,2.493765586034913,19.950124688279303,9.975062344139651,2.493765586034913,0.0,4.987531172069826,7.481296758104738,0.0,0.0,0.0,0.0,0.0,0.0,0.0,2.493765586034913,4.987531172069826,109.72568578553616,34.912718204488776,12.468827930174564,37.406483790523694,0.52,4.09,0.0,0.0,0.0,0.0,4.987531172069826,0.0,0.0,2.493765586034913,2.493765586034913,0.0,9.975062344139651,22.443890274314214,0.0,4.987531172069826,0.0,4.987531172069826,0.0,0.0,0.0,4.987531172069826,22.443890274314214,4.987531172069826,0.0
291500,97.01492537313433,27.36318407960199,4.975124378109452,2.487562189054726,0.0,54.72636815920398,0.0,47.2636815920398,0.0,7.462686567164179,0.0,2.487562189054726,17.412935323383085,9.950248756218905,2.487562189054726,186.56716417910448,4.975124378109452,0.0,29.850746268656717,0.0,9.950248756218905,0.0,0.0,37.31343283582089,9.950248756218905,0.0,0.0,0.0,9.950248756218905,0.0,0.0,0.0,0.0,0.0,0.0,0.0,0.0,9.950248756218905,84.5771144278607,37.31343283582089,4.975124378109452,32.33830845771144,0.5217391304347826,4.2225063938618925,0.0,0.0,0.0,0.0,2.487562189054726,0.0,2.487562189054726,2.487562189054726,0.0,4.975124378109452,2.487562189054726,7.462686567164179,2.487562189054726,2.487562189054726,12.437810945273633,0.0,2.487562189054726,0.0,0.0,19.90049751243781,22.388059701492537,0.0,7.462686567164179
291761,94.29280397022333,12.40694789081886,0.0,14.88833746898263,9.925558312655086,0.0,0.0,59.55334987593052,22.332506203473944,0.0,2.4813895781637716,0.0,7.444168734491315,12.40694789081886,9.925558312655086,210.91811414392058,4.962779156327543,2.4813895781637716,12.40694789081886,0.0,2.4813895781637716,2.4813895781637716,0.0,17.3697270471464,4.962779156327543,0.0,2.4813895781637716,0.0,4.962779156327543,0.0,0.0,0.0,0.0,0.0,0.0,2.4813895781637716,4.962779156327543,9.925558312655086,111.66253101736973,42.183622828784124,4.962779156327543,62.03473945409429,0.5635910224438903,4.571072319201995,0.0,0.0,0.0,0.0,0.0,0.0,0.0,7.444168734491315,0.0,2.4813895781637716,2.4813895781637716,27.29528535980149,2.4813895781637716,2.4813895781637716,4.962779156327543,0.0,0.0,0.0,4.962779156327543,22.332506203473944,19.851116625310173,0.0,4.962779156327543
291766,106.17283950617285,41.97530864197531,0.0,7.407407407407407,4.938271604938271,2.4691358024691357,0.0,74.07407407407408,9.876543209876543,0.0,7.407407407407407,0.0,24.691358024691358,27.160493827160494,2.4691358024691357,212.3456790123457,9.876543209876543,0.0,37.03703703703704,2.4691358024691357,0.0,0.0,0.0,14.814814814814815,4.938271604938271,0.0,2.4691358024691357,0.0,2.4691358024691357,0.0,12.345679012345679,0.0,0.0,4.938271604938271,0.0,0.0,0.0,7.407407407407407,91.35802469135803,46.91358024691358,7.407407407407407,27.160493827160494,0.550251256281407,4.655778894472362,0.0,0.0,0.0,2.4691358024691357,7.407407407407407,0.0,0.0,0.0,0.0,0.0,4.938271604938271,14.814814814814815,2.4691358024691357,0.0,2.4691358024691357,0.0,0.0,0.0,4.938271604938271,9.876543209876543,14.814814814814815,4.938271604938271,4.938271604938271
296867,104.62287104622871,24.330900243309003,0.0,0.0,2.4330900243309004,0.0,0.0,133.81995133819953,12.165450121654501,4.866180048661801,2.4330900243309004,2.4330900243309004,9.732360097323602,17.0316301703163,2.4330900243309004,201.94647201946472,4.866180048661801,0.0,36.4963503649635,0.0,0.0,0.0,0.0,14.598540145985401,9.732360097323602,0.0,0.0,2.4330900243309004,2.4330900243309004,0.0,2.4330900243309004,0.0,0.0,0.0,0.0,0.0,0.0,12.165450121654501,85.1581508515815,41.3625304136253,4.866180048661801,60.82725060827251,0.5,4.183168316831683,0.0,4.866180048661801,0.0,0.0,12.165450121654501,0.0,0.0,7.299270072992701,0.0,0.0,4.866180048661801,21.897810218978105,0.0,0.0,14.598540145985401,0.0,0.0,0.0,4.866180048661801,4.866180048661801,19.464720194647203,0.0,14.598540145985401
297711,73.45971563981043,11.848341232227487,0.0,7.109004739336492,0.0,2.3696682464454977,0.0,35.54502369668246,2.3696682464454977,0.0,2.3696682464454977,0.0,14.218009478672984,37.91469194312796,4.739336492890995,258.29383886255926,9.47867298578199,0.0,18.95734597156398,0.0,0.0,0.0,0.0,14.218009478672984,4.739336492890995,0.0,0.0,0.0,11.848341232227487,0.0,0.0,0.0,2.3696682464454977,2.3696682464454977,0.0,0.0,0.0,9.47867298578199,135.07109004739337,40.28436018957346,11.848341232227487,18.95734597156398,0.5432692307692307,4.877403846153846,7.109004739336492,0.0,0.0,0.0,0.0,0.0,4.739336492890995,2.3696682464454977,0.0,9.47867298578199,0.0,2.3696682464454977,0.0,0.0,2.3696682464454977,0.0,0.0,0.0,2.3696682464454977,26.066350710900473,9.47867298578199,0.0,2.3696682464454977
301645,47.2636815920398,4.975124378109452,59.701492537313435,2.487562189054726,0.0,82.08955223880596,2.487562189054726,54.72636815920398,22.388059701492537,2.487562189054726,0.0,4.975124378109452,4.975124378109452,14.925373134328359,4.975124378109452,194.02985074626866,4.975124378109452,0.0,32.33830845771144,0.0,0.0,0.0,0.0,14.925373134328359,7.462686567164179,0.0,2.487562189054726,0.0,0.0,0.0,2.487562189054726,2.487562189054726,0.0,0.0,0.0,0.0,0.0,9.950248756218905,94.5273631840796,57.21393034825871,2.487562189054726,54.72636815920398,0.5721649484536082,4.059278350515464,4.975124378109452,2.487562189054726,0.0,0.0,7.462686567164179,0.0,0.0,9.950248756218905,0.0,2.487562189054726,2.487562189054726,29.850746268656717,0.0,0.0,34.82587064676617,2.487562189054726,2.487562189054726,2.487562189054726,0.0,12.437810945273633,17.412935323383085,2.487562189054726,7.462686567164179
302912,53.398058252427184,4.854368932038835,38.83495145631068,4.854368932038835,2.4271844660194173,31.553398058252426,41.2621359223301,38.83495145631068,14.563106796116505,2.4271844660194173,2.4271844660194173,4.854368932038835,7.281553398058253,16.990291262135923,4.854368932038835,276.6990291262136,2.4271844660194173,0.0,19.41747572815534,0.0,0.0,4.854368932038835,0.0,19.41747572815534,9.70873786407767,0.0,0.0,0.0,0.0,0.0,2.4271844660194173,0.0,0.0,0.0,0.0,0.0,0.0,2.4271844660194173,99.51456310679612,41.2621359223301,9.70873786407767,19.41747572815534,0.5261845386533666,4.610972568578553,2.4271844660194173,0.0,0.0,0.0,0.0,0.0,0.0,0.0,2.4271844660194173,7.281553398058253,7.281553398058253,7.281553398058253,2.4271844660194173,0.0,14.563106796116505,0.0,0.0,0.0,2.4271844660194173,14.563106796116505,12.135922330097086,0.0,2.4271844660194173
31479,108.69565217391305,0.0,4.830917874396135,21.73913043478261,7.246376811594203,72.46376811594203,0.0,0.0,21.73913043478261,4.830917874396135,2.4154589371980677,0.0,16.908212560386474,4.830917874396135,0.0,159.42028985507244,7.246376811594203,0.0,28.985507246376812,0.0,4.830917874396135,2.4154589371980677,7.246376811594203,43.47826086956522,7.246376811594203,2.4154589371980677,0.0,4.830917874396135,2.4154589371980677,0.0,0.0,0.0,0.0,2.4154589371980677,0.0,0.0,0.0,16.908212560386474,45.893719806763286,24.154589371980677,9.66183574879227,91.78743961352657,0.45498783454987834,4.150851581508515,0.0,2.4154589371980677,2.4154589371980677,4.830917874396135,7.246376811594203,0.0,2.4154589371980677,2.4154589371980677,9.66183574879227,0.0,9.66183574879227,36.231884057971016,9.66183574879227,4.830917874396135,4.830917874396135,4.830917874396135,0.0,0.0,9.66183574879227,12.077294685990339,19.32367149758454,2.4154589371980677,14.492753623188406
32105,81.08108108108108,9.828009828009828,29.484029484029485,17.1990171990172,4.914004914004914,78.62407862407862,12.285012285012284,19.656019656019655,2.457002457002457,4.914004914004914,7.371007371007371,0.0,12.285012285012284,9.828009828009828,2.457002457002457,176.9041769041769,9.828009828009828,0.0,19.656019656019655,0.0,2.457002457002457,0.0,0.0,22.11302211302211,2.457002457002457,0.0,4.914004914004914,0.0,4.914004914004914,0.0,0.0,0.0,0.0,0.0,0.0,0.0,4.914004914004914,7.371007371007371,93.36609336609337,51.597051597051596,14.742014742014742,76.16707616707617,0.5831265508684863,4.3722084367245655,0.0,2.457002457002457,0.0,2.457002457002457,0.0,0.0,2.457002457002457,7.371007371007371,0.0,0.0,4.914004914004914,24.570024570024568,0.0,4.914004914004914,9.828009828009828,0.0,0.0,0.0,2.457002457002457,19.656019656019655,9.828009828009828,0.0,7.371007371007371
32455,65.21739130434783,7.246376811594203,24.154589371980677,2.4154589371980677,0.0,53.14009661835749,31.40096618357488,31.40096618357488,2.4154589371980677,7.246376811594203,0.0,0.0,9.66183574879227,16.908212560386474,7.246376811594203,214.97584541062804,14.492753623188406,0.0,16.908212560386474,0.0,0.0,0.0,2.4154589371980677,26.570048309178745,4.830917874396135,2.4154589371980677,0.0,0.0,0.0,0.0,0.0,0.0,0.0,0.0,0.0,0.0,0.0,14.492753623188406,94.20289855072464,38.64734299516908,4.830917874396135,28.985507246376812,0.5989974937343359,4.711779448621554,4.830917874396135,0.0,2.4154589371980677,0.0,2.4154589371980677,0.0,2.4154589371980677,7.246376811594203,0.0,14.492753623188406,4.830917874396135,26.570048309178745,4.830917874396135,0.0,28.985507246376812,0.0,2.4154589371980677,0.0,2.4154589371980677,9.66183574879227,16.908212560386474,0.0,2.4154589371980677
33265,78.94736842105263,0.0,0.0,4.784688995215311,0.0,0.0,0.0,76.55502392344498,4.784688995215311,4.784688995215311,0.0,0.0,4.784688995215311,21.5311004784689,0.0,188.99521531100478,7.177033492822967,2.3923444976076556,59.80861244019139,0.0,0.0,0.0,0.0,16.74641148325359,7.177033492822967,0.0,0.0,0.0,2.3923444976076556,0.0,0.0,0.0,0.0,0.0,0.0,0.0,2.3923444976076556,0.0,102.87081339712918,90.9090909090909,26.31578947368421,69.377990430622,0.4904306220095694,4.830143540669856,11.961722488038278,0.0,0.0,2.3923444976076556,9.569377990430622,0.0,4.784688995215311,7.177033492822967,0.0,7.177033492822967,0.0,9.569377990430622,2.3923444976076556,0.0,0.0,0.0,0.0,0.0,2.3923444976076556,38.27751196172249,9.569377990430622,4.784688995215311,7.177033492822967
33870,127.45098039215685,2.450980392156863,4.901960784313726,7.352941176470588,0.0,139.7058823529412,2.450980392156863,2.450980392156863,19.607843137254903,0.0,12.254901960784313,2.450980392156863,17.156862745098042,2.450980392156863,7.352941176470588,149.50980392156862,2.450980392156863,0.0,36.76470588235294,2.450980392156863,2.450980392156863,0.0,2.450980392156863,19.607843137254903,17.156862745098042,2.450980392156863,0.0,0.0,7.352941176470588,0.0,0.0,0.0,0.0,0.0,0.0,0.0,0.0,17.156862745098042,100.49019607843138,31.862745098039213,19.607843137254903,58.8235294117647,0.4668304668304668,4.017199017199017,0.0,0.0,4.901960784313726,0.0,7.352941176470588,0.0,2.450980392156863,2.450980392156863,4.901960784313726,0.0,0.0,17.156862745098042,0.0,4.901960784313726,2.450980392156863,4.901960784313726,2.450980392156863,0.0,0.0,9.803921568627452,36.76470588235294,0.0,4.901960784313726
34813,107.91366906474819,4.796163069544364,0.0,2.398081534772182,2.398081534772182,0.0,0.0,79.13669064748201,31.17505995203837,0.0,2.398081534772182,7.194244604316547,14.388489208633095,19.184652278177456,4.796163069544364,196.64268585131893,9.592326139088728,0.0,21.58273381294964,4.796163069544364,0.0,0.0,0.0,23.980815347721823,4.796163069544364,0.0,2.398081534772182,2.398081534772182,0.0,0.0,0.0,0.0,0.0,0.0,0.0,0.0,0.0,16.786570743405274,117.50599520383693,16.786570743405274,4.796163069544364,59.95203836930456,0.4841075794621027,4.295843520782396,0.0,0.0,14.388489208633095,0.0,9.592326139088728,0.0,11.990407673860911,9.592326139088728,0.0,0.0,0.0,33.57314148681055,4.796163069544364,0.0,7.194244604316547,0.0,4.796163069544364,0.0,0.0,11.990407673860911,19.184652278177456,0.0,7.194244604316547
35009,118.8118811881188,19.801980198019802,0.0,9.900990099009901,0.0,126.23762376237624,0.0,27.22772277227723,4.9504950495049505,2.4752475247524752,4.9504950495049505,2.4752475247524752,17.32673267326733,12.376237623762377,4.9504950495049505,150.99009900990097,4.9504950495049505,2.4752475247524752,32.17821782178218,0.0,7.425742574257425,0.0,2.4752475247524752,32.17821782178218,9.900990099009901,2.4752475247524752,0.0,0.0,4.9504950495049505,0.0,2.4752475247524752,0.0,0.0,0.0,0.0,0.0,0.0,4.9504950495049505,79.20792079207921,39.603960396039604,22.277227722772277,59.4059405940594,0.45843828715365237,4.083123425692695,0.0,2.4752475247524752,0.0,0.0,4.9504950495049505,0.0,4.9504950495049505,0.0,0.0,9.900990099009901,2.4752475247524752,47.02970297029703,2.4752475247524752,0.0,12.376237623762377,0.0,2.4752475247524752,0.0,7.425742574257425,7.425742574257425,14.85148514851485,0.0,17.32673267326733
35527,84.15841584158416,4.9504950495049505,14.85148514851485,7.425742574257425,0.0,66.83168316831683,2.4752475247524752,24.752475247524753,12.376237623762377,2.4752475247524752,4.9504950495049505,0.0,12.376237623762377,17.32673267326733,2.4752475247524752,215.34653465346534,9.900990099009901,0.0,32.17821782178218,4.9504950495049505,7.425742574257425,0.0,0.0,17.32673267326733,7.425742574257425,0.0,4.9504950495049505,2.4752475247524752,4.9504950495049505,0.0,2.4752475247524752,0.0,0.0,0.0,0.0,0.0,0.0,14.85148514851485,123.76237623762376,51.980198019801975,2.4752475247524752,37.12871287128713,0.5087281795511222,4.26932668329177,2.4752475247524752,2.4752475247524752,0.0,0.0,9.900990099009901,0.0,4.9504950495049505,0.0,4.9504950495049505,0.0,2.4752475247524752,9.900990099009901,2.4752475247524752,0.0,2.4752475247524752,0.0,0.0,0.0,0.0,4.9504950495049505,4.9504950495049505,0.0,12.376237623762377
38068,112.74509803921569,2.450980392156863,17.156862745098042,2.450980392156863,0.0,93.13725490196079,17.156862745098042,39.21568627450981,17.156862745098042,4.901960784313726,4.901960784313726,2.450980392156863,14.705882352941176,0.0,7.352941176470588,171.5686274509804,2.450980392156863,0.0,29.41176470588235,2.450980392156863,0.0,0.0,2.450980392156863,34.313725490196084,7.352941176470588,0.0,4.901960784313726,4.901960784313726,0.0,0.0,0.0,0.0,0.0,0.0,0.0,0.0,0.0,12.254901960784313,83.33333333333333,39.21568627450981,9.803921568627452,51.470588235294116,0.5037220843672456,3.9602977667493797,2.450980392156863,2.450980392156863,0.0,2.450980392156863,7.352941176470588,0.0,0.0,7.352941176470588,0.0,0.0,9.803921568627452,22.058823529411764,2.450980392156863,2.450980392156863,4.901960784313726,2.450980392156863,0.0,0.0,4.901960784313726,12.254901960784313,19.607843137254903,2.450980392156863,7.352941176470588
38326,83.74384236453201,9.852216748768473,0.0,4.926108374384237,0.0,0.0,0.0,86.20689655172414,2.4630541871921183,0.0,0.0,0.0,4.926108374384237,12.315270935960593,0.0,290.64039408866995,0.0,0.0,4.926108374384237,0.0,0.0,0.0,0.0,14.778325123152708,19.704433497536947,0.0,0.0,0.0,0.0,0.0,0.0,0.0,0.0,0.0,0.0,0.0,0.0,27.093596059113302,96.0591133004926,64.03940886699507,2.4630541871921183,41.87192118226601,0.5678391959798995,4.809045226130653,0.0,2.4630541871921183,0.0,2.4630541871921183,0.0,0.0,4.926108374384237,0.0,0.0,0.0,0.0,2.4630541871921183,0.0,4.926108374384237,0.0,0.0,0.0,0.0,2.4630541871921183,9.852216748768473,2.4630541871921183,0.0,0.0
3929,110.83743842364532,12.315270935960593,0.0,7.389162561576354,12.315270935960593,103.44827586206897,0.0,4.926108374384237,9.852216748768473,0.0,14.778325123152708,0.0,4.926108374384237,19.704433497536947,2.4630541871921183,206.89655172413794,12.315270935960593,2.4630541871921183,19.704433497536947,2.4630541871921183,2.4630541871921183,0.0,0.0,19.704433497536947,4.926108374384237,0.0,0.0,0.0,0.0,2.4630541871921183,0.0,0.0,0.0,0.0,0.0,0.0,2.4630541871921183,17.241379310344826,83.74384236453201,44.33497536945813,2.4630541871921183,41.87192118226601,0.5137844611528822,4.305764411027569,0.0,4.926108374384237,0.0,0.0,4.926108374384237,0.0,2.4630541871921183,2.4630541871921183,0.0,0.0,0.0,17.241379310344826,2.4630541871921183,0.0,2.4630541871921183,7.389162561576354,0.0,0.0,2.4630541871921183,7.389162561576354,19.704433497536947,2.4630541871921183,2.4630541871921183
39646,103.96039603960395,4.9504950495049505,0.0,2.4752475247524752,7.425742574257425,131.1881188118812,0.0,0.0,27.22772277227723,0.0,4.9504950495049505,2.4752475247524752,7.425742574257425,14.85148514851485,0.0,178.21782178217822,2.4752475247524752,0.0,27.22772277227723,0.0,0.0,0.0,0.0,14.85148514851485,17.32673267326733,0.0,0.0,2.4752475247524752,2.4752475247524752,0.0,0.0,0.0,0.0,0.0,0.0,0.0,9.900990099009901,9.900990099009901,94.05940594059406,39.603960396039604,4.9504950495049505,69.30693069306932,0.48872180451127817,3.854636591478697,0.0,0.0,0.0,4.9504950495049505,9.900990099009901,0.0,2.4752475247524752,9.900990099009901,0.0,0.0,4.9504950495049505,19.801980198019802,0.0,0.0,9.900990099009901,2.4752475247524752,0.0,0.0,4.9504950495049505,9.900990099009901,22.277227722772277,0.0,9.900990099009901
40598,111.38613861386139,7.425742574257425,0.0,2.4752475247524752,0.0,113.86138613861387,0.0,24.752475247524753,9.900990099009901,7.425742574257425,2.4752475247524752,4.9504950495049505,4.9504950495049505,12.376237623762377,2.4752475247524752,200.49504950495052,2.4752475247524752,0.0,27.22772277227723,0.0,4.9504950495049505,0.0,0.0,17.32673267326733,9.900990099009901,0.0,0.0,0.0,0.0,0.0,0.0,0.0,0.0,0.0,0.0,0.0,0.0,14.85148514851485,89.10891089108911,51.980198019801975,4.9504950495049505,56.93069306930693,0.5513784461152882,4.325814536340852,0.0,0.0,0.0,0.0,9.900990099009901,0.0,2.4752475247524752,4.9504950495049505,0.0,2.4752475247524752,2.4752475247524752,12.376237623762377,0.0,0.0,7.425742574257425,0.0,0.0,0.0,0.0,4.9504950495049505,12.376237623762377,0.0,9.900990099009901
42993,91.78743961352657,14.492753623188406,0.0,7.246376811594203,2.4154589371980677,57.971014492753625,0.0,16.908212560386474,0.0,0.0,0.0,0.0,19.32367149758454,31.40096618357488,2.4154589371980677,212.56038647342996,4.830917874396135,0.0,9.66183574879227,0.0,0.0,0.0,0.0,14.492753623188406,12.077294685990339,2.4154589371980677,0.0,7.246376811594203,12.077294685990339,0.0,2.4154589371980677,0.0,0.0,0.0,0.0,2.4154589371980677,0.0,12.077294685990339,132.85024154589374,50.72463768115942,0.0,41.06280193236715,0.4875,4.43,0.0,0.0,0.0,0.0,4.830917874396135,0.0,2.4154589371980677,0.0,0.0,0.0,0.0,19.32367149758454,2.4154589371980677,0.0,0.0,0.0,0.0,0.0,2.4154589371980677,19.32367149758454,14.492753623188406,0.0,0.0
43376,114.91442542787286,9.7799511002445,4.88997555012225,4.88997555012225,2.444987775061125,88.0195599022005,0.0,19.559902200489,12.224938875305625,4.88997555012225,4.88997555012225,0.0,12.224938875305625,19.559902200489,4.88997555012225,171.14914425427875,2.444987775061125,0.0,24.44987775061125,2.444987775061125,4.88997555012225,0.0,0.0,22.004889975550125,7.334963325183374,0.0,0.0,0.0,0.0,0.0,2.444987775061125,0.0,0.0,0.0,0.0,0.0,0.0,9.7799511002445,85.57457212713938,58.67970660146699,2.444987775061125,66.01466992665037,0.5411471321695761,4.229426433915212,0.0,4.88997555012225,4.88997555012225,0.0,19.559902200489,0.0,7.334963325183374,2.444987775061125,0.0,4.88997555012225,4.88997555012225,24.44987775061125,4.88997555012225,9.7799511002445,12.224938875305625,0.0,0.0,0.0,0.0,7.334963325183374,26.89486552567237,0.0,7.334963325183374
46554,100.98522167487685,7.389162561576354,12.315270935960593,7.389162561576354,0.0,110.83743842364532,7.389162561576354,44.33497536945813,7.389162561576354,4.926108374384237,4.926108374384237,0.0,19.704433497536947,7.389162561576354,4.926108374384237,177.3399014778325,2.4630541871921183,0.0,34.48275862068965,0.0,4.926108374384237,0.0,2.4630541871921183,7.389162561576354,7.389162561576354,0.0,0.0,0.0,2.4630541871921183,2.4630541871921183,0.0,0.0,0.0,0.0,0.0,0.0,0.0,19.704433497536947,110.83743842364532,36.94581280788178,7.389162561576354,78.81773399014779,0.5328282828282829,4.075757575757576,0.0,2.4630541871921183,0.0,2.4630541871921183,14.778325123152708,0.0,0.0,7.389162561576354,0.0,7.389162561576354,4.926108374384237,22.167487684729064,2.4630541871921183,4.926108374384237,22.167487684729064,2.4630541871921183,0.0,0.0,7.389162561576354,7.389162561576354,24.630541871921185,0.0,7.389162561576354
47516,97.5609756097561,7.317073170731708,0.0,2.4390243902439024,7.317073170731708,0.0,0.0,17.073170731707318,46.34146341463415,4.878048780487805,0.0,0.0,12.195121951219512,21.95121951219512,2.4390243902439024,229.26829268292684,7.317073170731708,0.0,26.829268292682926,0.0,0.0,0.0,0.0,21.95121951219512,4.878048780487805,0.0,0.0,2.4390243902439024,4.878048780487805,0.0,0.0,0.0,0.0,0.0,0.0,0.0,2.4390243902439024,9.75609756097561,87.80487804878048,65.85365853658537,0.0,34.146341463414636,0.5555555555555556,4.6567901234567906,0.0,0.0,0.0,4.878048780487805,7.317073170731708,2.4390243902439024,2.4390243902439024,0.0,0.0,4.878048780487805,0.0,12.195121951219512,4.878048780487805,2.4390243902439024,2.4390243902439024,0.0,0.0,0.0,2.4390243902439024,9.75609756097561,17.073170731707318,4.878048780487805,2.4390243902439024
53674,103.61445783132531,4.819277108433735,16.867469879518072,4.819277108433735,2.4096385542168677,106.02409638554217,0.0,19.27710843373494,21.686746987951807,0.0,7.228915662650603,2.4096385542168677,26.50602409638554,9.63855421686747,2.4096385542168677,156.6265060240964,7.228915662650603,0.0,24.096385542168676,0.0,2.4096385542168677,0.0,2.4096385542168677,21.686746987951807,9.63855421686747,2.4096385542168677,0.0,2.4096385542168677,4.819277108433735,0.0,0.0,0.0,0.0,0.0,0.0,0.0,0.0,21.686746987951807,115.66265060240964,33.734939759036145,9.63855421686747,79.51807228915662,0.513317191283293,3.9249394673123486,0.0,7.228915662650603,0.0,0.0,16.867469879518072,0.0,2.4096385542168677,0.0,0.0,9.63855421686747,0.0,28.91566265060241,0.0,2.4096385542168677,4.819277108433735,0.0,0.0,0.0,2.4096385542168677,9.63855421686747,16.867469879518072,2.4096385542168677,2.4096385542168677
55410,40.86538461538461,19.230769230769234,60.09615384615385,2.403846153846154,4.807692307692308,86.53846153846153,2.403846153846154,33.65384615384615,40.86538461538461,0.0,0.0,0.0,9.615384615384617,19.230769230769234,2.403846153846154,199.51923076923077,19.230769230769234,7.211538461538462,24.03846153846154,0.0,0.0,0.0,0.0,4.807692307692308,4.807692307692308,0.0,2.403846153846154,0.0,4.807692307692308,0.0,0.0,0.0,0.0,0.0,0.0,0.0,0.0,12.01923076923077,115.38461538461539,48.07692307692308,2.403846153846154,33.65384615384615,0.4875,4.1525,0.0,2.403846153846154,0.0,0.0,4.807692307692308,0.0,4.807692307692308,4.807692307692308,0.0,0.0,2.403846153846154,14.423076923076923,2.403846153846154,0.0,31.25,0.0,4.807692307692308,0.0,2.403846153846154,16.826923076923077,16.826923076923077,0.0,0.0
56120,83.12958435207824,7.334963325183374,4.88997555012225,7.334963325183374,0.0,2.444987775061125,4.88997555012225,78.239608801956,2.444987775061125,0.0,2.444987775061125,0.0,17.114914425427873,22.004889975550125,4.88997555012225,232.27383863080684,4.88997555012225,0.0,17.114914425427873,2.444987775061125,0.0,2.444987775061125,0.0,24.44987775061125,7.334963325183374,0.0,7.334963325183374,2.444987775061125,2.444987775061125,0.0,2.444987775061125,0.0,0.0,0.0,0.0,0.0,2.444987775061125,7.334963325183374,114.91442542787286,61.12469437652811,2.444987775061125,29.339853300733495,0.6004962779156328,4.880893300248139,2.444987775061125,2.444987775061125,0.0,2.444987775061125,2.444987775061125,0.0,0.0,2.444987775061125,2.444987775061125,0.0,4.88997555012225,24.44987775061125,4.88997555012225,2.444987775061125,4.88997555012225,2.444987775061125,0.0,0.0,0.0,12.224938875305625,7.334963325183374,0.0,0.0
58294,90.26128266033254,7.125890736342043,0.0,2.375296912114014,7.125890736342043,0.0,0.0,28.503562945368174,16.6270783847981,0.0,2.375296912114014,0.0,9.501187648456057,26.128266033254157,0.0,277.9097387173396,2.375296912114014,0.0,14.251781472684087,0.0,0.0,0.0,0.0,14.251781472684087,4.750593824228028,0.0,2.375296912114014,0.0,4.750593824228028,0.0,4.750593824228028,0.0,0.0,0.0,0.0,0.0,0.0,21.377672209026127,123.51543942992873,45.13064133016627,9.501187648456057,33.2541567695962,0.5599022004889975,4.88997555012225,0.0,2.375296912114014,0.0,0.0,0.0,2.375296912114014,0.0,4.750593824228028,0.0,4.750593824228028,2.375296912114014,7.125890736342043,0.0,7.125890736342043,0.0,0.0,0.0,0.0,2.375296912114014,7.125890736342043,11.876484560570072,0.0,0.0
59164,93.13725490196079,4.901960784313726,34.313725490196084,2.450980392156863,0.0,93.13725490196079,19.607843137254903,41.666666666666664,9.803921568627452,7.352941176470588,2.450980392156863,0.0,17.156862745098042,2.450980392156863,0.0,213.23529411764704,0.0,0.0,19.607843137254903,0.0,0.0,0.0,0.0,14.705882352941176,14.705882352941176,0.0,0.0,0.0,0.0,0.0,2.450980392156863,0.0,0.0,0.0,0.0,0.0,0.0,2.450980392156863,93.13725490196079,26.96078431372549,4.901960784313726,46.568627450980394,0.5456852791878173,4.16243654822335,0.0,0.0,0.0,0.0,4.901960784313726,0.0,0.0,7.352941176470588,0.0,0.0,7.352941176470588,24.509803921568626,2.450980392156863,0.0,29.41176470588235,2.450980392156863,4.901960784313726,0.0,2.450980392156863,9.803921568627452,14.705882352941176,0.0,7.352941176470588
59940,99.75062344139651,29.92518703241895,0.0,7.481296758104738,4.987531172069826,0.0,0.0,34.912718204488776,7.481296758104738,2.493765586034913,7.481296758104738,0.0,24.93765586034913,17.456359102244388,4.987531172069826,219.45137157107231,12.468827930174564,0.0,9.975062344139651,0.0,0.0,0.0,0.0,17.456359102244388,9.975062344139651,0.0,4.987531172069826,2.493765586034913,14.962593516209475,0.0,7.481296758104738,0.0,0.0,0.0,0.0,0.0,0.0,17.456359102244388,142.14463840399003,47.38154613466334,0.0,37.406483790523694,0.5301507537688442,4.5376884422110555,4.987531172069826,0.0,0.0,4.987531172069826,4.987531172069826,0.0,2.493765586034913,4.987531172069826,0.0,0.0,0.0,12.468827930174564,0.0,9.975062344139651,2.493765586034913,0.0,0.0,0.0,2.493765586034913,14.962593516209475,4.987531172069826,4.987531172069826,2.493765586034913
60991,105.13447432762835,2.444987775061125,22.004889975550125,2.444987775061125,9.7799511002445,80.68459657701712,22.004889975550125,19.559902200489,29.339853300733495,12.224938875305625,9.7799511002445,0.0,19.559902200489,9.7799511002445,0.0,171.14914425427875,2.444987775061125,0.0,34.229828850855746,2.444987775061125,0.0,0.0,2.444987775061125,7.334963325183374,14.669926650366747,2.444987775061125,0.0,0.0,7.334963325183374,0.0,0.0,0.0,0.0,0.0,0.0,0.0,0.0,9.7799511002445,95.35452322738386,46.45476772616137,12.224938875305625,58.67970660146699,0.49627791563275436,4.141439205955335,2.444987775061125,2.444987775061125,4.88997555012225,0.0,9.7799511002445,4.88997555012225,9.7799511002445,12.224938875305625,0.0,0.0,12.224938875305625,24.44987775061125,4.88997555012225,0.0,7.334963325183374,4.88997555012225,0.0,0.0,2.444987775061125,4.88997555012225,26.89486552567237,0.0,7.334963325183374
62604,119.40298507462687,52.23880597014925,2.487562189054726,4.975124378109452,2.487562189054726,4.975124378109452,4.975124378109452,139.30348258706468,37.31343283582089,4.975124378109452,2.487562189054726,0.0,14.925373134328359,2.487562189054726,0.0,164.17910447761193,0.0,0.0,24.875621890547265,0.0,0.0,0.0,0.0,19.90049751243781,9.950248756218905,0.0,0.0,0.0,4.975124378109452,0.0,4.975124378109452,0.0,0.0,2.487562189054726,0.0,0.0,0.0,14.925373134328359,79.60199004975124,54.72636815920398,9.950248756218905,57.21393034825871,0.49122807017543857,3.989974937343358,0.0,0.0,0.0,0.0,4.975124378109452,2.487562189054726,2.487562189054726,4.975124378109452,0.0,2.487562189054726,2.487562189054726,19.90049751243781,2.487562189054726,4.975124378109452,7.462686567164179,4.975124378109452,0.0,0.0,7.462686567164179,7.462686567164179,12.437810945273633,0.0,4.975124378109452
64347,92.03980099502488,4.975124378109452,0.0,19.90049751243781,0.0,64.67661691542288,0.0,32.33830845771144,4.975124378109452,0.0,0.0,0.0,9.950248756218905,4.975124378109452,7.462686567164179,291.04477611940297,2.487562189054726,0.0,14.925373134328359,0.0,0.0,0.0,0.0,4.975124378109452,9.950248756218905,2.487562189054726,0.0,2.487562189054726,7.462686567164179,0.0,2.487562189054726,0.0,0.0,0.0,0.0,0.0,0.0,12.437810945273633,134.32835820895522,49.75124378109453,2.487562189054726,17.412935323383085,0.5725,4.535,2.487562189054726,2.487562189054726,0.0,0.0,0.0,0.0,4.975124378109452,0.0,0.0,0.0,0.0,0.0,0.0,0.0,0.0,0.0,0.0,0.0,0.0,9.950248756218905,17.412935323383085,0.0,0.0
64450,105.88235294117646,7.058823529411765,11.76470588235294,14.11764705882353,0.0,21.176470588235293,7.058823529411765,72.94117647058823,11.76470588235294,0.0,0.0,0.0,23.52941176470588,11.76470588235294,2.352941176470588,204.7058823529412,4.705882352941176,0.0,23.52941176470588,0.0,0.0,0.0,0.0,28.23529411764706,7.058823529411765,2.352941176470588,2.352941176470588,0.0,18.823529411764703,2.352941176470588,2.352941176470588,0.0,0.0,0.0,0.0,0.0,4.705882352941176,21.176470588235293,101.1764705882353,11.76470588235294,9.411764705882351,44.70588235294118,0.5047619047619047,4.140476190476191,0.0,2.352941176470588,0.0,2.352941176470588,0.0,2.352941176470588,0.0,2.352941176470588,0.0,2.352941176470588,0.0,7.058823529411765,4.705882352941176,16.47058823529412,7.058823529411765,0.0,0.0,0.0,0.0,9.411764705882351,23.52941176470588,2.352941176470588,0.0
70031,100.71942446043165,0.0,7.194244604316547,16.786570743405274,0.0,2.398081534772182,2.398081534772182,67.1462829736211,16.786570743405274,0.0,0.0,0.0,16.786570743405274,4.796163069544364,4.796163069544364,227.81774580335733,2.398081534772182,0.0,9.592326139088728,0.0,0.0,0.0,0.0,26.378896882494004,14.388489208633095,0.0,0.0,0.0,9.592326139088728,0.0,2.398081534772182,0.0,0.0,2.398081534772182,0.0,2.398081534772182,7.194244604316547,21.58273381294964,105.51558752997602,40.7673860911271,0.0,43.16546762589928,0.5673076923076923,4.677884615384615,0.0,9.592326139088728,0.0,2.398081534772182,4.796163069544364,0.0,2.398081534772182,2.398081534772182,0.0,0.0,2.398081534772182,11.990407673860911,4.796163069544364,9.592326139088728,0.0,0.0,0.0,0.0,2.398081534772182,16.786570743405274,2.398081534772182,0.0,4.796163069544364
70266,79.90314769975787,12.106537530266344,2.4213075060532687,0.0,7.263922518159807,0.0,2.4213075060532687,16.949152542372882,9.685230024213075,2.4213075060532687,7.263922518159807,4.842615012106537,12.106537530266344,38.7409200968523,2.4213075060532687,266.3438256658596,24.213075060532688,0.0,19.37046004842615,0.0,2.4213075060532687,0.0,0.0,24.213075060532688,2.4213075060532687,0.0,4.842615012106537,2.4213075060532687,2.4213075060532687,0.0,7.263922518159807,0.0,0.0,0.0,0.0,0.0,0.0,7.263922518159807,116.2227602905569,75.06053268765133,4.842615012106537,31.476997578692497,0.5788177339901478,5.1330049261083746,2.4213075060532687,0.0,0.0,0.0,9.685230024213075,0.0,0.0,0.0,0.0,2.4213075060532687,4.842615012106537,7.263922518159807,2.4213075060532687,0.0,0.0,0.0,0.0,0.0,12.106537530266344,19.37046004842615,12.106537530266344,2.4213075060532687,2.4213075060532687
70292,102.24438902743142,32.418952618453865,0.0,2.493765586034913,0.0,87.28179551122194,0.0,34.912718204488776,19.950124688279303,0.0,2.493765586034913,2.493765586034913,17.456359102244388,17.456359102244388,0.0,189.52618453865335,4.987531172069826,0.0,19.950124688279303,0.0,2.493765586034913,0.0,0.0,9.975062344139651,4.987531172069826,2.493765586034913,2.493765586034913,0.0,14.962593516209475,4.987531172069826,0.0,0.0,0.0,0.0,0.0,2.493765586034913,2.493765586034913,14.962593516209475,127.18204488778053,39.900249376558605,2.493765586034913,39.900249376558605,0.5025125628140703,3.9321608040201004,0.0,2.493765586034913,0.0,0.0,4.987531172069826,0.0,2.493765586034913,2.493765586034913,0.0,0.0,2.493765586034913,24.93765586034913,0.0,2.493765586034913,0.0,0.0,2.493765586034913,0.0,2.493765586034913,0.0,14.962593516209475,2.493765586034913,12.468827930174564
71054,93.13725490196079,7.352941176470588,0.0,2.450980392156863,0.0,0.0,0.0,105.3921568627451,4.901960784313726,7.352941176470588,0.0,0.0,19.607843137254903,9.803921568627452,2.450980392156863,210.7843137254902,7.352941176470588,0.0,24.509803921568626,0.0,2.450980392156863,0.0,0.0,22.058823529411764,12.254901960784313,0.0,2.450980392156863,2.450980392156863,0.0,0.0,9.803921568627452,0.0,0.0,2.450980392156863,0.0,0.0,0.0,14.705882352941176,102.94117647058823,41.666666666666664,7.352941176470588,31.862745098039213,0.5344827586206896,4.431034482758621,0.0,2.450980392156863,0.0,0.0,2.450980392156863,0.0,0.0,2.450980392156863,0.0,22.058823529411764,2.450980392156863,14.705882352941176,7.352941176470588,7.352941176470588,0.0,0.0,0.0,0.0,0.0,24.509803921568626,26.96078431372549,2.450980392156863,2.450980392156863
71318,60.53268765133172,9.685230024213075,36.31961259079903,0.0,0.0,16.949152542372882,19.37046004842615,50.84745762711865,16.949152542372882,0.0,2.4213075060532687,2.4213075060532687,16.949152542372882,14.527845036319613,2.4213075060532687,230.02421307506054,12.106537530266344,7.263922518159807,33.898305084745765,0.0,4.842615012106537,0.0,0.0,29.055690072639226,0.0,0.0,7.263922518159807,0.0,4.842615012106537,2.4213075060532687,4.842615012106537,0.0,0.0,0.0,0.0,0.0,0.0,0.0,87.16707021791767,50.84745762711865,16.949152542372882,50.84745762711865,0.5488721804511278,4.478696741854637,0.0,2.4213075060532687,0.0,0.0,12.106537530266344,0.0,7.263922518159807,9.685230024213075,0.0,0.0,12.106537530266344,24.213075060532688,4.842615012106537,0.0,16.949152542372882,0.0,0.0,0.0,2.4213075060532687,12.106537530266344,12.106537530266344,0.0,14.527845036319613
72321,0.0,17.3697270471464,133.99503722084367,4.962779156327543,0.0,99.25558312655087,0.0,24.81389578163772,34.7394540942928,2.4813895781637716,9.925558312655086,0.0,49.62779156327544,32.25806451612903,4.962779156327543,94.29280397022333,9.925558312655086,0.0,57.07196029776674,4.962779156327543,2.4813895781637716,0.0,7.444168734491315,42.183622828784124,12.40694789081886,0.0,0.0,0.0,14.88833746898263,0.0,2.4813895781637716,0.0,0.0,0.0,0.0,0.0,4.962779156327543,12.40694789081886,81.88585607940446,17.3697270471464,7.444168734491315,81.88585607940446,0.4849315068493151,4.049315068493151,2.4813895781637716,0.0,0.0,2.4813895781637716,4.962779156327543,0.0,4.962779156327543,7.444168734491315,0.0,2.4813895781637716,7.444168734491315,39.702233250620345,0.0,2.4813895781637716,86.848635235732,0.0,2.4813895781637716,0.0,7.444168734491315,0.0,12.40694789081886,2.4813895781637716,24.81389578163772
76420,113.58024691358025,4.938271604938271,4.938271604938271,12.345679012345679,2.4691358024691357,64.19753086419753,2.4691358024691357,19.753086419753085,17.28395061728395,4.938271604938271,12.345679012345679,4.938271604938271,9.876543209876543,2.4691358024691357,0.0,197.53086419753086,2.4691358024691357,0.0,22.22222222222222,0.0,7.407407407407407,0.0,0.0,7.407407407407407,14.814814814814815,0.0,0.0,0.0,0.0,0.0,0.0,0.0,0.0,0.0,0.0,0.0,9.876543209876543,17.28395061728395,86.41975308641975,56.79012345679013,2.4691358024691357,81.4814814814815,0.4713216957605985,4.164588528678304,4.938271604938271,0.0,7.407407407407407,2.4691358024691357,29.62962962962963,0.0,0.0,0.0,0.0,0.0,7.407407407407407,14.814814814814815,2.4691358024691357,0.0,4.938271604938271,0.0,2.4691358024691357,0.0,12.345679012345679,9.876543209876543,14.814814814814815,0.0,7.407407407407407
7850,94.5273631840796,2.487562189054726,22.388059701492537,12.437810945273633,0.0,64.67661691542288,12.437810945273633,9.950248756218905,34.82587064676617,2.487562189054726,2.487562189054726,0.0,9.950248756218905,17.412935323383085,2.487562189054726,196.51741293532336,7.462686567164179,0.0,22.388059701492537,2.487562189054726,2.487562189054726,0.0,0.0,12.437810945273633,17.412935323383085,2.487562189054726,4.975124378109452,0.0,4.975124378109452,0.0,0.0,0.0,0.0,0.0,0.0,0.0,2.487562189054726,12.437810945273633,97.01492537313433,59.701492537313435,2.487562189054726,39.80099502487562,0.5569620253164557,4.362025316455696,4.975124378109452,0.0,0.0,0.0,4.975124378109452,4.975124378109452,0.0,0.0,2.487562189054726,2.487562189054726,7.462686567164179,34.82587064676617,4.975124378109452,4.975124378109452,17.412935323383085,2.487562189054726,0.0,0.0,4.975124378109452,22.388059701492537,14.925373134328359,2.487562189054726,9.950248756218905
79655,91.81141439205956,9.925558312655086,14.88833746898263,2.4813895781637716,2.4813895781637716,17.3697270471464,2.4813895781637716,66.99751861042184,14.88833746898263,0.0,0.0,0.0,32.25806451612903,14.88833746898263,7.444168734491315,225.80645161290323,7.444168734491315,2.4813895781637716,32.25806451612903,0.0,4.962779156327543,0.0,0.0,9.925558312655086,4.962779156327543,0.0,2.4813895781637716,0.0,17.3697270471464,2.4813895781637716,4.962779156327543,0.0,0.0,0.0,0.0,0.0,0.0,7.444168734491315,106.69975186104217,42.183622828784124,9.925558312655086,37.220843672456574,0.5555555555555556,4.292929292929293,0.0,2.4813895781637716,0.0,0.0,4.962779156327543,0.0,2.4813895781637716,2.4813895781637716,0.0,7.444168734491315,7.444168734491315,7.444168734491315,7.444168734491315,2.4813895781637716,2.4813895781637716,0.0,2.4813895781637716,0.0,0.0,17.3697270471464,17.3697270471464,0.0,0.0
81702,97.08737864077669,41.2621359223301,12.135922330097086,4.854368932038835,9.70873786407767,7.281553398058253,4.854368932038835,77.66990291262135,26.699029126213592,2.4271844660194173,4.854368932038835,4.854368932038835,12.135922330097086,33.980582524271846,12.135922330097086,179.61165048543688,14.563106796116505,2.4271844660194173,16.990291262135923,0.0,2.4271844660194173,0.0,0.0,19.41747572815534,7.281553398058253,0.0,0.0,0.0,12.135922330097086,0.0,0.0,0.0,0.0,0.0,0.0,0.0,4.854368932038835,14.563106796116505,101.94174757281553,55.8252427184466,0.0,41.2621359223301,0.47804878048780486,4.3707317073170735,0.0,2.4271844660194173,0.0,7.281553398058253,0.0,0.0,2.4271844660194173,0.0,0.0,7.281553398058253,4.854368932038835,7.281553398058253,0.0,7.281553398058253,0.0,2.4271844660194173,0.0,0.0,2.4271844660194173,7.281553398058253,16.990291262135923,0.0,9.70873786407767
85688,94.20289855072464,7.246376811594203,0.0,4.830917874396135,12.077294685990339,0.0,0.0,33.81642512077295,16.908212560386474,0.0,0.0,0.0,7.246376811594203,24.154589371980677,0.0,231.8840579710145,2.4154589371980677,2.4154589371980677,14.492753623188406,0.0,2.4154589371980677,0.0,2.4154589371980677,16.908212560386474,9.66183574879227,2.4154589371980677,0.0,0.0,2.4154589371980677,0.0,0.0,0.0,0.0,0.0,0.0,0.0,0.0,21.73913043478261,108.69565217391305,48.309178743961354,2.4154589371980677,50.72463768115942,0.5181598062953995,4.5423728813559325,0.0,2.4154589371980677,0.0,0.0,7.246376811594203,2.4154589371980677,2.4154589371980677,0.0,0.0,2.4154589371980677,0.0,16.908212560386474,0.0,2.4154589371980677,0.0,0.0,0.0,0.0,2.4154589371980677,31.40096618357488,12.077294685990339,0.0,2.4154589371980677
86176,28.91566265060241,12.048192771084338,65.06024096385542,9.63855421686747,14.457831325301205,79.51807228915662,4.819277108433735,26.50602409638554,21.686746987951807,0.0,2.4096385542168677,0.0,9.63855421686747,9.63855421686747,2.4096385542168677,204.81927710843374,7.228915662650603,0.0,19.27710843373494,0.0,0.0,0.0,0.0,7.228915662650603,19.27710843373494,0.0,2.4096385542168677,2.4096385542168677,9.63855421686747,0.0,0.0,0.0,0.0,0.0,0.0,0.0,2.4096385542168677,7.228915662650603,86.74698795180723,28.91566265060241,7.228915662650603,69.87951807228916,0.5420792079207921,4.158415841584159,4.819277108433735,0.0,0.0,0.0,2.4096385542168677,2.4096385542168677,2.4096385542168677,4.819277108433735,0.0,9.63855421686747,4.819277108433735,28.91566265060241,0.0,0.0,21.686746987951807,2.4096385542168677,0.0,0.0,4.819277108433735,12.048192771084338,24.096385542168676,2.4096385542168677,7.228915662650603
86796,57.971014492753625,7.246376811594203,43.47826086956522,2.4154589371980677,0.0,38.64734299516908,38.64734299516908,26.570048309178745,26.570048309178745,9.66183574879227,0.0,4.830917874396135,14.492753623188406,16.908212560386474,4.830917874396135,164.2512077294686,7.246376811594203,0.0,38.64734299516908,0.0,0.0,0.0,0.0,21.73913043478261,7.246376811594203,0.0,0.0,0.0,2.4154589371980677,0.0,2.4154589371980677,0.0,0.0,0.0,0.0,0.0,7.246376811594203,4.830917874396135,77.29468599033817,55.55555555555555,9.66183574879227,48.309178743961354,0.5210918114143921,4.235732009925559,0.0,0.0,0.0,0.0,12.077294685990339,0.0,0.0,4.830917874396135,2.4154589371980677,7.246376811594203,9.66183574879227,9.66183574879227,4.830917874396135,2.4154589371980677,26.570048309178745,0.0,0.0,2.4154589371980677,2.4154589371980677,7.246376811594203,12.077294685990339,0.0,14.492753623188406
90123,100.0,29.26829268292683,2.4390243902439024,0.0,2.4390243902439024,2.4390243902439024,2.4390243902439024,63.41463414634146,0.0,4.878048780487805,2.4390243902439024,0.0,7.317073170731708,14.634146341463415,0.0,256.0975609756098,9.75609756097561,0.0,34.146341463414636,2.4390243902439024,0.0,0.0,0.0,19.51219512195122,9.75609756097561,0.0,2.4390243902439024,0.0,0.0,0.0,4.878048780487805,0.0,0.0,0.0,0.0,0.0,2.4390243902439024,14.634146341463415,97.5609756097561,46.34146341463415,7.317073170731708,34.146341463414636,0.5024875621890548,4.221393034825871,2.4390243902439024,0.0,0.0,0.0,7.317073170731708,0.0,0.0,4.878048780487805,0.0,2.4390243902439024,2.4390243902439024,14.634146341463415,19.51219512195122,0.0,2.4390243902439024,0.0,0.0,0.0,7.317073170731708,4.878048780487805,14.634146341463415,0.0,2.4390243902439024
90488,124.39024390243902,19.51219512195122,0.0,2.4390243902439024,12.195121951219512,41.463414634146346,0.0,24.390243902439025,21.95121951219512,0.0,19.51219512195122,2.4390243902439024,24.390243902439025,9.75609756097561,4.878048780487805,163.41463414634146,14.634146341463415,0.0,34.146341463414636,7.317073170731708,4.878048780487805,0.0,2.4390243902439024,19.51219512195122,7.317073170731708,12.195121951219512,2.4390243902439024,0.0,9.75609756097561,0.0,0.0,0.0,0.0,0.0,0.0,0.0,4.878048780487805,21.95121951219512,104.8780487804878,34.146341463414636,7.317073170731708,70.73170731707316,0.46078431372549017,4.200980392156863,0.0,7.317073170731708,2.4390243902439024,0.0,7.317073170731708,0.0,0.0,2.4390243902439024,0.0,2.4390243902439024,0.0,19.51219512195122,4.878048780487805,0.0,4.878048780487805,0.0,7.317073170731708,0.0,2.4390243902439024,2.4390243902439024,19.51219512195122,0.0,7.317073170731708
90716,84.78802992518703,24.93765586034913,44.88778054862843,12.468827930174564,0.0,77.3067331670823,0.0,42.394014962593516,19.950124688279303,9.975062344139651,14.962593516209475,0.0,22.443890274314214,7.481296758104738,2.493765586034913,154.6134663341646,4.987531172069826,0.0,24.93765586034913,2.493765586034913,0.0,0.0,0.0,19.950124688279303,7.481296758104738,2.493765586034913,0.0,0.0,7.481296758104738,2.493765586034913,4.987531172069826,0.0,0.0,0.0,0.0,0.0,2.493765586034913,19.950124688279303,79.80049875311721,19.950124688279303,0.0,52.36907730673317,0.5340314136125655,3.992146596858639,2.493765586034913,4.987531172069826,0.0,0.0,9.975062344139651,2.493765586034913,0.0,7.481296758104738,0.0,2.493765586034913,4.987531172069826,32.418952618453865,4.987531172069826,0.0,27.43142144638404,4.987531172069826,2.493765586034913,0.0,9.975062344139651,2.493765586034913,4.987531172069826,2.493765586034913,4.987531172069826
90906,85.57457212713938,7.334963325183374,9.7799511002445,4.88997555012225,0.0,4.88997555012225,4.88997555012225,83.12958435207824,0.0,2.444987775061125,2.444987775061125,0.0,24.44987775061125,26.89486552567237,0.0,259.1687041564792,4.88997555012225,0.0,22.004889975550125,0.0,0.0,0.0,0.0,12.224938875305625,7.334963325183374,2.444987775061125,2.444987775061125,0.0,4.88997555012225,0.0,2.444987775061125,0.0,0.0,0.0,0.0,0.0,4.88997555012225,12.224938875305625,97.799511002445,51.344743276283616,7.334963325183374,51.344743276283616,0.5532994923857868,4.761421319796955,0.0,7.334963325183374,2.444987775061125,0.0,0.0,0.0,0.0,0.0,0.0,4.88997555012225,4.88997555012225,7.334963325183374,2.444987775061125,2.444987775061125,9.7799511002445,0.0,0.0,0.0,2.444987775061125,7.334963325183374,4.88997555012225,0.0,4.88997555012225
92226,94.05940594059406,7.425742574257425,27.22772277227723,2.4752475247524752,2.4752475247524752,123.76237623762376,9.900990099009901,2.4752475247524752,14.85148514851485,4.9504950495049505,9.900990099009901,0.0,17.32673267326733,14.85148514851485,0.0,150.99009900990097,4.9504950495049505,0.0,12.376237623762377,0.0,2.4752475247524752,0.0,0.0,34.65346534653466,9.900990099009901,2.4752475247524752,4.9504950495049505,0.0,2.4752475247524752,0.0,4.9504950495049505,0.0,0.0,0.0,0.0,2.4752475247524752,4.9504950495049505,2.4752475247524752,89.10891089108911,24.752475247524753,2.4752475247524752,51.980198019801975,0.48737373737373735,3.9116161616161618,2.4752475247524752,0.0,0.0,2.4752475247524752,9.900990099009901,0.0,2.4752475247524752,7.425742574257425,2.4752475247524752,2.4752475247524752,24.752475247524753,39.603960396039604,7.425742574257425,2.4752475247524752,17.32673267326733,0.0,0.0,0.0,7.425742574257425,2.4752475247524752,17.32673267326733,0.0,12.376237623762377
95502,84.78802992518703,12.468827930174564,14.962593516209475,9.975062344139651,2.493765586034913,102.24438902743142,7.481296758104738,2.493765586034913,14.962593516209475,4.987531172069826,0.0,0.0,4.987531172069826,12.468827930174564,2.493765586034913,236.9077306733167,2.493765586034913,0.0,14.962593516209475,0.0,0.0,0.0,0.0,14.962593516209475,2.493765586034913,0.0,0.0,4.987531172069826,0.0,0.0,0.0,0.0,0.0,0.0,0.0,0.0,2.493765586034913,14.962593516209475,97.25685785536159,47.38154613466334,2.493765586034913,44.88778054862843,0.5463917525773195,4.402061855670103,0.0,4.987531172069826,2.493765586034913,2.493765586034913,4.987531172069826,0.0,7.481296758104738,4.987531172069826,0.0,0.0,9.975062344139651,17.456359102244388,0.0,0.0,14.962593516209475,0.0,0.0,0.0,2.493765586034913,2.493765586034913,19.950124688279303,0.0,4.987531172069826
95505,118.8118811881188,14.85148514851485,12.376237623762377,2.4752475247524752,2.4752475247524752,116.33663366336634,12.376237623762377,32.17821782178218,7.425742574257425,0.0,14.85148514851485,4.9504950495049505,17.32673267326733,17.32673267326733,2.4752475247524752,148.5148514851485,2.4752475247524752,0.0,22.277227722772277,2.4752475247524752,0.0,0.0,4.9504950495049505,4.9504950495049505,7.425742574257425,2.4752475247524752,0.0,2.4752475247524752,7.425742574257425,0.0,0.0,0.0,0.0,0.0,0.0,0.0,0.0,14.85148514851485,111.38613861386139,34.65346534653466,7.425742574257425,66.83168316831683,0.5225,4.1525,2.4752475247524752,0.0,0.0,0.0,12.376237623762377,0.0,0.0,2.4752475247524752,0.0,2.4752475247524752,2.4752475247524752,27.22772277227723,0.0,4.9504950495049505,9.900990099009901,2.4752475247524752,0.0,0.0,2.4752475247524752,17.32673267326733,22.277227722772277,0.0,7.425742574257425
9572,66.5137614678899,9.174311926605505,34.403669724770644,4.587155963302752,2.293577981651376,22.93577981651376,11.46788990825688,55.04587155963303,2.293577981651376,4.587155963302752,2.293577981651376,0.0,11.46788990825688,9.174311926605505,0.0,254.58715596330273,0.0,0.0,34.403669724770644,4.587155963302752,4.587155963302752,0.0,0.0,20.642201834862387,4.587155963302752,0.0,2.293577981651376,0.0,0.0,0.0,6.8807339449541285,0.0,0.0,0.0,0.0,0.0,0.0,20.642201834862387,96.33027522935781,48.165137614678905,4.587155963302752,77.9816513761468,0.5258215962441315,4.333333333333333,0.0,0.0,0.0,0.0,13.761467889908257,0.0,2.293577981651376,2.293577981651376,0.0,6.8807339449541285,0.0,32.11009174311927,2.293577981651376,2.293577981651376,13.761467889908257,0.0,0.0,0.0,13.761467889908257,16.055045871559635,13.761467889908257,0.0,2.293577981651376
95796,115.47911547911548,7.371007371007371,2.457002457002457,14.742014742014742,0.0,88.45208845208845,2.457002457002457,22.11302211302211,27.027027027027028,4.914004914004914,4.914004914004914,2.457002457002457,9.828009828009828,9.828009828009828,14.742014742014742,135.13513513513513,4.914004914004914,0.0,14.742014742014742,0.0,7.371007371007371,0.0,0.0,31.94103194103194,17.1990171990172,0.0,0.0,0.0,2.457002457002457,0.0,2.457002457002457,0.0,0.0,0.0,0.0,0.0,4.914004914004914,24.570024570024568,117.93611793611794,29.484029484029485,0.0,68.7960687960688,0.47174447174447176,4.199017199017199,4.914004914004914,0.0,7.371007371007371,2.457002457002457,12.285012285012284,2.457002457002457,0.0,0.0,0.0,2.457002457002457,0.0,44.22604422604422,2.457002457002457,0.0,0.0,0.0,0.0,0.0,7.371007371007371,14.742014742014742,17.1990171990172,0.0,0.0
97526,57.69230769230769,0.0,14.423076923076923,0.0,0.0,0.0,16.826923076923077,52.88461538461539,2.403846153846154,7.211538461538462,4.807692307692308,0.0,14.423076923076923,28.846153846153847,2.403846153846154,233.17307692307693,2.403846153846154,0.0,36.05769230769231,9.615384615384617,0.0,0.0,0.0,16.826923076923077,16.826923076923077,2.403846153846154,0.0,0.0,0.0,0.0,7.211538461538462,0.0,0.0,0.0,0.0,0.0,2.403846153846154,9.615384615384617,110.57692307692307,48.07692307692308,12.01923076923077,55.28846153846153,0.5487804878048781,4.626829268292683,4.807692307692308,0.0,0.0,2.403846153846154,2.403846153846154,0.0,7.211538461538462,12.01923076923077,0.0,0.0,0.0,21.634615384615383,4.807692307692308,2.403846153846154,2.403846153846154,0.0,4.807692307692308,0.0,0.0,4.807692307692308,19.230769230769234,2.403846153846154,7.211538461538462
99004,94.5273631840796,54.72636815920398,2.487562189054726,4.975124378109452,0.0,2.487562189054726,0.0,59.701492537313435,2.487562189054726,0.0,0.0,0.0,7.462686567164179,24.875621890547265,2.487562189054726,216.4179104477612,4.975124378109452,4.975124378109452,9.950248756218905,0.0,7.462686567164179,0.0,0.0,9.950248756218905,0.0,4.975124378109452,2.487562189054726,2.487562189054726,0.0,0.0,2.487562189054726,0.0,0.0,0.0,0.0,2.487562189054726,0.0,4.975124378109452,106.96517412935323,67.16417910447761,7.462686567164179,24.875621890547265,0.5226130653266332,4.618090452261306,0.0,2.487562189054726,0.0,0.0,0.0,0.0,2.487562189054726,0.0,0.0,2.487562189054726,4.975124378109452,19.90049751243781,0.0,2.487562189054726,0.0,0.0,0.0,0.0,2.487562189054726,7.462686567164179,19.90049751243781,0.0,4.975124378109452
99454,95.58823529411764,26.96078431372549,7.352941176470588,2.450980392156863,0.0,41.666666666666664,4.901960784313726,24.509803921568626,12.254901960784313,0.0,2.450980392156863,0.0,24.509803921568626,9.803921568627452,0.0,230.39215686274508,7.352941176470588,0.0,14.705882352941176,0.0,0.0,0.0,4.901960784313726,19.607843137254903,0.0,0.0,0.0,0.0,9.803921568627452,0.0,2.450980392156863,0.0,0.0,0.0,0.0,0.0,0.0,4.901960784313726,125.0,46.568627450980394,2.450980392156863,44.11764705882353,0.5580246913580247,4.296296296296297,0.0,0.0,0.0,2.450980392156863,4.901960784313726,7.352941176470588,0.0,0.0,0.0,2.450980392156863,4.901960784313726,19.607843137254903,7.352941176470588,0.0,4.901960784313726,0.0,0.0,0.0,4.901960784313726,14.705882352941176,12.254901960784313,0.0,2.450980392156863
100027,114.713216957606,12.468827930174564,7.481296758104738,4.987531172069826,0.0,89.77556109725685,7.481296758104738,12.468827930174564,4.987531172069826,0.0,4.987531172069826,0.0,29.92518703241895,7.481296758104738,12.468827930174564,137.1571072319202,0.0,2.493765586034913,39.900249376558605,0.0,0.0,0.0,0.0,24.93765586034913,4.987531172069826,0.0,0.0,4.987531172069826,22.443890274314214,0.0,0.0,0.0,0.0,2.493765586034913,0.0,0.0,4.987531172069826,19.950124688279303,99.75062344139651,39.900249376558605,12.468827930174564,62.34413965087282,0.5452261306532663,4.331658291457287,7.481296758104738,2.493765586034913,0.0,0.0,0.0,0.0,2.493765586034913,4.987531172069826,0.0,0.0,2.493765586034913,19.950124688279303,2.493765586034913,14.962593516209475,7.481296758104738,4.987531172069826,0.0,0.0,2.493765586034913,9.975062344139651,14.962593516209475,2.493765586034913,4.987531172069826
102073,59.95203836930456,7.194244604316547,62.35011990407674,0.0,2.398081534772182,33.57314148681055,26.378896882494004,28.77697841726619,9.592326139088728,0.0,4.796163069544364,2.398081534772182,16.786570743405274,7.194244604316547,0.0,220.62350119904076,4.796163069544364,0.0,26.378896882494004,4.796163069544364,0.0,0.0,0.0,7.194244604316547,14.388489208633095,0.0,0.0,0.0,4.796163069544364,0.0,0.0,0.0,0.0,0.0,0.0,0.0,2.398081534772182,7.194244604316547,93.52517985611512,62.35011990407674,7.194244604316547,45.563549160671464,0.5375,4.1,0.0,2.398081534772182,7.194244604316547,0.0,14.388489208633095,2.398081534772182,2.398081534772182,2.398081534772182,0.0,4.796163069544364,7.194244604316547,23.980815347721823,0.0,0.0,40.7673860911271,0.0,2.398081534772182,0.0,2.398081534772182,9.592326139088728,7.194244604316547,0.0,7.194244604316547
103821,82.32445520581113,2.4213075060532687,2.4213075060532687,2.4213075060532687,0.0,92.00968523002422,4.842615012106537,24.213075060532688,12.106537530266344,2.4213075060532687,4.842615012106537,2.4213075060532687,12.106537530266344,16.949152542372882,2.4213075060532687,205.81113801452784,9.685230024213075,0.0,31.476997578692497,0.0,0.0,2.4213075060532687,4.842615012106537,12.106537530266344,7.263922518159807,0.0,0.0,0.0,0.0,0.0,0.0,0.0,0.0,0.0,0.0,2.4213075060532687,0.0,9.685230024213075,62.953995157384995,46.00484261501211,9.685230024213075,55.69007263922518,0.572139303482587,4.721393034825871,2.4213075060532687,2.4213075060532687,0.0,0.0,7.263922518159807,0.0,0.0,21.791767554479417,0.0,19.37046004842615,0.0,26.634382566585955,2.4213075060532687,4.842615012106537,21.791767554479417,0.0,0.0,0.0,0.0,9.685230024213075,19.37046004842615,4.842615012106537,14.527845036319613
105419,118.64406779661017,16.949152542372882,2.4213075060532687,7.263922518159807,0.0,0.0,0.0,50.84745762711865,26.634382566585955,4.842615012106537,4.842615012106537,0.0,16.949152542372882,14.527845036319613,7.263922518159807,210.65375302663438,16.949152542372882,2.4213075060532687,36.31961259079903,2.4213075060532687,4.842615012106537,0.0,0.0,12.106537530266344,4.842615012106537,0.0,4.842615012106537,0.0,4.842615012106537,0.0,0.0,0.0,0.0,2.4213075060532687,0.0,0.0,0.0,21.791767554479417,99.27360774818402,53.26876513317191,7.263922518159807,43.583535108958834,0.5308641975308642,4.770370370370371,0.0,4.842615012106537,2.4213075060532687,0.0,7.263922518159807,0.0,2.4213075060532687,2.4213075060532687,0.0,4.842615012106537,4.842615012106537,29.055690072639226,4.842615012106537,0.0,4.842615012106537,2.4213075060532687,0.0,0.0,0.0,4.842615012106537,16.949152542372882,4.842615012106537,2.4213075060532687
105783,88.88888888888889,4.938271604938271,0.0,0.0,0.0,0.0,0.0,34.5679012345679,7.407407407407407,0.0,0.0,0.0,22.22222222222222,32.098765432098766,4.938271604938271,229.62962962962962,19.753086419753085,2.4691358024691357,24.691358024691358,0.0,2.4691358024691357,0.0,0.0,34.5679012345679,0.0,0.0,2.4691358024691357,0.0,2.4691358024691357,0.0,2.4691358024691357,0.0,0.0,7.407407407407407,0.0,0.0,0.0,4.938271604938271,88.88888888888889,59.25925925925926,4.938271604938271,49.382716049382715,0.5475,5.2375,2.4691358024691357,2.4691358024691357,0.0,0.0,7.407407407407407,0.0,0.0,0.0,0.0,7.407407407407407,0.0,12.345679012345679,7.407407407407407,2.4691358024691357,2.4691358024691357,0.0,0.0,0.0,4.938271604938271,27.160493827160494,7.407407407407407,2.4691358024691357,2.4691358024691357
105796,76.55502392344498,9.569377990430622,40.66985645933014,2.3923444976076556,4.784688995215311,88.51674641148325,19.138755980861244,21.5311004784689,9.569377990430622,4.784688995215311,0.0,4.784688995215311,11.961722488038278,21.5311004784689,0.0,229.66507177033495,11.961722488038278,0.0,11.961722488038278,0.0,0.0,0.0,0.0,19.138755980861244,0.0,2.3923444976076556,2.3923444976076556,0.0,0.0,0.0,2.3923444976076556,0.0,0.0,0.0,0.0,0.0,2.3923444976076556,4.784688995215311,76.55502392344498,38.27751196172249,4.784688995215311,52.63157894736842,0.55,4.2875,0.0,0.0,0.0,0.0,11.961722488038278,0.0,2.3923444976076556,0.0,0.0,0.0,2.3923444976076556,14.354066985645934,9.569377990430622,0.0,31.10047846889952,0.0,0.0,0.0,2.3923444976076556,2.3923444976076556,14.354066985645934,0.0,7.177033492822967
10779,108.64197530864197,17.28395061728395,2.4691358024691357,2.4691358024691357,0.0,0.0,2.4691358024691357,46.91358024691358,22.22222222222222,4.938271604938271,12.345679012345679,0.0,24.691358024691358,17.28395061728395,0.0,212.3456790123457,2.4691358024691357,0.0,29.62962962962963,0.0,2.4691358024691357,0.0,2.4691358024691357,12.345679012345679,12.345679012345679,0.0,0.0,2.4691358024691357,14.814814814814815,0.0,0.0,0.0,0.0,0.0,0.0,0.0,4.938271604938271,14.814814814814815,111.1111111111111,34.5679012345679,4.938271604938271,69.1358024691358,0.56,4.5325,2.4691358024691357,0.0,0.0,4.938271604938271,12.345679012345679,0.0,4.938271604938271,0.0,0.0,7.407407407407407,2.4691358024691357,19.753086419753085,4.938271604938271,2.4691358024691357,7.407407407407407,0.0,2.4691358024691357,0.0,2.4691358024691357,2.4691358024691357,22.22222222222222,4.938271604938271,7.407407407407407
109302,102.24438902743142,12.468827930174564,12.468827930174564,2.493765586034913,0.0,102.24438902743142,7.481296758104738,24.93765586034913,29.92518703241895,0.0,4.987531172069826,0.0,24.93765586034913,9.975062344139651,0.0,167.08229426433914,7.481296758104738,0.0,34.912718204488776,0.0,0.0,0.0,2.493765586034913,14.962593516209475,4.987531172069826,0.0,2.493765586034913,0.0,12.468827930174564,7.481296758104738,0.0,0.0,0.0,0.0,0.0,0.0,0.0,9.975062344139651,92.26932668329177,59.8503740648379,7.481296758104738,37.406483790523694,0.5138539042821159,4.045340050377834,2.493765586034913,0.0,0.0,0.0,4.987531172069826,0.0,4.987531172069826,4.987531172069826,0.0,7.481296758104738,7.481296758104738,22.443890274314214,0.0,4.987531172069826,9.975062344139651,2.493765586034913,2.493765586034913,0.0,0.0,17.456359102244388,17.456359102244388,0.0,4.987531172069826
109529,67.6328502415459,4.830917874396135,28.985507246376812,0.0,0.0,41.06280193236715,12.077294685990339,55.55555555555555,2.4154589371980677,0.0,14.492753623188406,0.0,16.908212560386474,16.908212560386474,4.830917874396135,212.56038647342996,9.66183574879227,2.4154589371980677,24.154589371980677,0.0,0.0,0.0,0.0,28.985507246376812,7.246376811594203,2.4154589371980677,0.0,4.830917874396135,2.4154589371980677,2.4154589371980677,2.4154589371980677,0.0,0.0,0.0,0.0,0.0,0.0,16.908212560386474,79.71014492753622,60.386473429951685,0.0,45.893719806763286,0.542713567839196,4.236180904522613,2.4154589371980677,4.830917874396135,0.0,0.0,7.246376811594203,2.4154589371980677,2.4154589371980677,16.908212560386474,0.0,2.4154589371980677,7.246376811594203,24.154589371980677,7.246376811594203,4.830917874396135,28.985507246376812,2.4154589371980677,2.4154589371980677,0.0,2.4154589371980677,9.66183574879227,19.32367149758454,0.0,12.077294685990339
110179,100.47846889952153,35.88516746411483,0.0,7.177033492822967,2.3923444976076556,0.0,0.0,98.08612440191388,9.569377990430622,0.0,0.0,0.0,26.31578947368421,14.354066985645934,0.0,184.21052631578945,4.784688995215311,2.3923444976076556,26.31578947368421,0.0,0.0,0.0,0.0,28.70813397129187,9.569377990430622,2.3923444976076556,0.0,0.0,7.177033492822967,4.784688995215311,4.784688995215311,0.0,0.0,0.0,0.0,0.0,4.784688995215311,19.138755980861244,86.1244019138756,33.49282296650718,4.784688995215311,81.33971291866028,0.48792270531400966,4.140096618357488,0.0,4.784688995215311,0.0,2.3923444976076556,7.177033492822967,0.0,2.3923444976076556,7.177033492822967,2.3923444976076556,2.3923444976076556,2.3923444976076556,31.10047846889952,0.0,0.0,4.784688995215311,0.0,0.0,0.0,7.177033492822967,2.3923444976076556,11.961722488038278,0.0,4.784688995215311
112802,79.20792079207921,2.4752475247524752,0.0,2.4752475247524752,0.0,0.0,0.0,32.17821782178218,2.4752475247524752,0.0,2.4752475247524752,0.0,22.277227722772277,14.85148514851485,27.22772277227723,257.4257425742574,2.4752475247524752,0.0,7.425742574257425,0.0,0.0,0.0,0.0,12.376237623762377,9.900990099009901,0.0,17.32673267326733,2.4752475247524752,12.376237623762377,0.0,0.0,0.0,0.0,0.0,0.0,0.0,0.0,7.425742574257425,131.1881188118812,54.45544554455446,2.4752475247524752,27.22772277227723,0.5522388059701493,4.7711442786069655,0.0,0.0,0.0,0.0,4.9504950495049505,0.0,0.0,2.4752475247524752,0.0,2.4752475247524752,4.9504950495049505,22.277227722772277,0.0,9.900990099009901,0.0,0.0,0.0,0.0,0.0,37.12871287128713,7.425742574257425,0.0,0.0
114565,71.07843137254902,9.803921568627452,36.76470588235294,2.450980392156863,7.352941176470588,7.352941176470588,2.450980392156863,85.7843137254902,26.96078431372549,0.0,2.450980392156863,0.0,9.803921568627452,17.156862745098042,4.901960784313726,227.94117647058823,4.901960784313726,0.0,26.96078431372549,2.450980392156863,0.0,2.450980392156863,0.0,7.352941176470588,9.803921568627452,0.0,0.0,2.450980392156863,2.450980392156863,0.0,2.450980392156863,0.0,0.0,0.0,0.0,0.0,0.0,0.0,105.3921568627451,53.92156862745098,7.352941176470588,61.27450980392157,0.5152284263959391,4.276649746192893,0.0,7.352941176470588,0.0,0.0,7.352941176470588,4.901960784313726,2.450980392156863,4.901960784313726,0.0,0.0,7.352941176470588,12.254901960784313,2.450980392156863,2.450980392156863,24.509803921568626,0.0,0.0,0.0,2.450980392156863,7.352941176470588,12.254901960784313,0.0,7.352941176470588
115312,100.49019607843138,14.705882352941176,7.352941176470588,4.901960784313726,2.450980392156863,105.3921568627451,0.0,0.0,17.156862745098042,0.0,2.450980392156863,2.450980392156863,14.705882352941176,17.156862745098042,2.450980392156863,174.01960784313724,4.901960784313726,0.0,24.509803921568626,0.0,2.450980392156863,0.0,2.450980392156863,31.862745098039213,7.352941176470588,0.0,0.0,4.901960784313726,2.450980392156863,0.0,0.0,0.0,0.0,0.0,0.0,0.0,2.450980392156863,9.803921568627452,95.58823529411764,78.43137254901961,2.450980392156863,49.01960784313725,0.47277227722772275,4.01980198019802,2.450980392156863,0.0,0.0,0.0,9.803921568627452,0.0,2.450980392156863,0.0,0.0,0.0,2.450980392156863,31.862745098039213,0.0,0.0,9.803921568627452,0.0,0.0,0.0,0.0,2.450980392156863,9.803921568627452,0.0,2.450980392156863
116133,97.25685785536159,9.975062344139651,2.493765586034913,2.493765586034913,4.987531172069826,62.34413965087282,14.962593516209475,24.93765586034913,19.950124688279303,0.0,2.493765586034913,2.493765586034913,12.468827930174564,9.975062344139651,0.0,167.08229426433914,9.975062344139651,0.0,39.900249376558605,0.0,4.987531172069826,0.0,4.987531172069826,19.950124688279303,7.481296758104738,0.0,0.0,0.0,0.0,0.0,0.0,0.0,0.0,2.493765586034913,0.0,0.0,0.0,17.456359102244388,79.80049875311721,52.36907730673317,7.481296758104738,67.33167082294264,0.5205128205128206,4.217948717948718,0.0,2.493765586034913,0.0,2.493765586034913,7.481296758104738,0.0,2.493765586034913,7.481296758104738,0.0,22.443890274314214,7.481296758104738,27.43142144638404,9.975062344139651,2.493765586034913,17.456359102244388,0.0,4.987531172069826,0.0,2.493765586034913,7.481296758104738,12.468827930174564,0.0,9.975062344139651
118817,88.88888888888889,9.876543209876543,2.4691358024691357,2.4691358024691357,2.4691358024691357,74.07407407407408,0.0,12.345679012345679,17.28395061728395,2.4691358024691357,4.938271604938271,0.0,12.345679012345679,12.345679012345679,9.876543209876543,180.2469135802469,4.938271604938271,0.0,22.22222222222222,0.0,0.0,0.0,0.0,22.22222222222222,9.876543209876543,2.4691358024691357,2.4691358024691357,4.938271604938271,2.4691358024691357,0.0,4.938271604938271,0.0,0.0,0.0,0.0,0.0,0.0,9.876543209876543,98.76543209876543,54.32098765432099,2.4691358024691357,59.25925925925926,0.5736040609137056,4.362944162436548,0.0,4.938271604938271,0.0,0.0,4.938271604938271,2.4691358024691357,0.0,9.876543209876543,0.0,22.22222222222222,0.0,17.28395061728395,0.0,2.4691358024691357,22.22222222222222,0.0,0.0,2.4691358024691357,7.407407407407407,17.28395061728395,19.753086419753085,4.938271604938271,7.407407407407407
121389,111.66253101736973,32.25806451612903,0.0,4.962779156327543,4.962779156327543,0.0,0.0,84.36724565756825,14.88833746898263,0.0,7.444168734491315,0.0,22.332506203473944,7.444168734491315,2.4813895781637716,193.54838709677418,2.4813895781637716,2.4813895781637716,37.220843672456574,2.4813895781637716,7.444168734491315,0.0,0.0,19.851116625310173,0.0,0.0,0.0,0.0,2.4813895781637716,0.0,9.925558312655086,0.0,0.0,0.0,0.0,0.0,0.0,4.962779156327543,81.88585607940446,52.10918114143921,9.925558312655086,52.10918114143921,0.4836272040302267,4.3602015113350125,0.0,4.962779156327543,0.0,0.0,2.4813895781637716,0.0,0.0,9.925558312655086,0.0,2.4813895781637716,2.4813895781637716,22.332506203473944,0.0,0.0,0.0,0.0,2.4813895781637716,0.0,7.444168734491315,12.40694789081886,22.332506203473944,2.4813895781637716,7.444168734491315
121851,103.86473429951691,7.246376811594203,19.32367149758454,0.0,0.0,91.78743961352657,2.4154589371980677,19.32367149758454,9.66183574879227,0.0,2.4154589371980677,0.0,45.893719806763286,43.47826086956522,2.4154589371980677,159.42028985507244,4.830917874396135,0.0,33.81642512077295,0.0,7.246376811594203,0.0,0.0,12.077294685990339,2.4154589371980677,0.0,2.4154589371980677,0.0,14.492753623188406,0.0,0.0,0.0,0.0,0.0,0.0,0.0,0.0,14.492753623188406,91.78743961352657,38.64734299516908,12.077294685990339,70.04830917874396,0.5317073170731708,4.614634146341463,0.0,0.0,0.0,0.0,9.66183574879227,0.0,2.4154589371980677,2.4154589371980677,0.0,19.32367149758454,7.246376811594203,14.492753623188406,12.077294685990339,2.4154589371980677,7.246376811594203,0.0,0.0,0.0,0.0,19.32367149758454,24.154589371980677,0.0,9.66183574879227
123242,84.5771144278607,12.437810945273633,0.0,0.0,7.462686567164179,0.0,0.0,27.36318407960199,7.462686567164179,4.975124378109452,4.975124378109452,0.0,17.412935323383085,52.23880597014925,4.975124378109452,218.90547263681592,17.412935323383085,0.0,22.388059701492537,2.487562189054726,2.487562189054726,0.0,2.487562189054726,7.462686567164179,4.975124378109452,4.975124378109452,2.487562189054726,0.0,7.462686567164179,0.0,0.0,0.0,0.0,0.0,0.0,0.0,0.0,0.0,144.27860696517413,37.31343283582089,2.487562189054726,57.21393034825871,0.5338345864661654,5.220551378446116,4.975124378109452,0.0,0.0,4.975124378109452,4.975124378109452,0.0,7.462686567164179,2.487562189054726,0.0,0.0,2.487562189054726,12.437810945273633,2.487562189054726,0.0,2.487562189054726,0.0,0.0,0.0,2.487562189054726,29.850746268656717,9.950248756218905,2.487562189054726,4.975124378109452
126512,61.88118811881188,0.0,19.801980198019802,2.4752475247524752,0.0,7.425742574257425,9.900990099009901,39.603960396039604,14.85148514851485,0.0,2.4752475247524752,0.0,17.32673267326733,12.376237623762377,4.9504950495049505,250.0,4.9504950495049505,0.0,22.277227722772277,7.425742574257425,0.0,0.0,0.0,19.801980198019802,9.900990099009901,0.0,2.4752475247524752,0.0,7.425742574257425,0.0,9.900990099009901,0.0,0.0,0.0,0.0,0.0,2.4752475247524752,9.900990099009901,108.91089108910892,86.63366336633663,0.0,22.277227722772277,0.620253164556962,4.410126582278481,0.0,7.425742574257425,0.0,0.0,0.0,0.0,2.4752475247524752,0.0,0.0,4.9504950495049505,9.900990099009901,7.425742574257425,4.9504950495049505,2.4752475247524752,9.900990099009901,2.4752475247524752,0.0,0.0,0.0,0.0,9.900990099009901,0.0,4.9504950495049505
126720,77.3067331670823,9.975062344139651,9.975062344139651,12.468827930174564,2.493765586034913,9.975062344139651,0.0,69.82543640897755,12.468827930174564,0.0,7.481296758104738,0.0,22.443890274314214,17.456359102244388,0.0,226.93266832917706,4.987531172069826,0.0,32.418952618453865,4.987531172069826,0.0,0.0,0.0,14.962593516209475,4.987531172069826,0.0,2.493765586034913,0.0,14.962593516209475,0.0,4.987531172069826,0.0,0.0,0.0,0.0,0.0,0.0,4.987531172069826,124.68827930174564,74.81296758104739,4.987531172069826,22.443890274314214,0.542713567839196,4.4120603015075375,0.0,4.987531172069826,0.0,4.987531172069826,0.0,0.0,2.493765586034913,0.0,0.0,0.0,4.987531172069826,12.468827930174564,2.493765586034913,7.481296758104738,4.987531172069826,0.0,0.0,0.0,0.0,24.93765586034913,19.950124688279303,0.0,0.0
128459,12.315270935960593,4.926108374384237,105.91133004926108,4.926108374384237,9.852216748768473,100.98522167487685,0.0,46.79802955665024,29.556650246305416,4.926108374384237,2.4630541871921183,2.4630541871921183,9.852216748768473,17.241379310344826,4.926108374384237,142.85714285714286,19.704433497536947,2.4630541871921183,41.87192118226601,2.4630541871921183,7.389162561576354,0.0,2.4630541871921183,44.33497536945813,0.0,0.0,0.0,2.4630541871921183,4.926108374384237,0.0,0.0,0.0,0.0,0.0,0.0,0.0,0.0,4.926108374384237,49.26108374384237,14.778325123152708,7.389162561576354,56.65024630541872,0.4973821989528796,3.910994764397906,0.0,4.926108374384237,0.0,0.0,2.4630541871921183,2.4630541871921183,2.4630541871921183,9.852216748768473,0.0,2.4630541871921183,0.0,34.48275862068965,2.4630541871921183,0.0,59.11330049261083,0.0,0.0,0.0,4.926108374384237,22.167487684729064,32.01970443349754,0.0,9.852216748768473
133601,79.32692307692307,7.211538461538462,0.0,4.807692307692308,0.0,0.0,0.0,55.28846153846153,2.403846153846154,0.0,0.0,0.0,7.211538461538462,9.615384615384617,0.0,257.21153846153845,7.211538461538462,4.807692307692308,9.615384615384617,0.0,12.01923076923077,0.0,0.0,33.65384615384615,4.807692307692308,0.0,2.403846153846154,2.403846153846154,2.403846153846154,0.0,2.403846153846154,0.0,0.0,2.403846153846154,0.0,0.0,2.403846153846154,12.01923076923077,105.76923076923077,50.48076923076923,2.403846153846154,19.230769230769234,0.4492753623188406,4.536231884057971,0.0,4.807692307692308,0.0,0.0,2.403846153846154,0.0,0.0,7.211538461538462,0.0,0.0,7.211538461538462,28.846153846153847,0.0,2.403846153846154,0.0,0.0,0.0,0.0,2.403846153846154,4.807692307692308,7.211538461538462,0.0,0.0
134221,99.00990099009901,2.4752475247524752,22.277227722772277,0.0,2.4752475247524752,94.05940594059406,24.752475247524753,12.376237623762377,12.376237623762377,0.0,7.425742574257425,2.4752475247524752,14.85148514851485,19.801980198019802,2.4752475247524752,185.64356435643563,4.9504950495049505,0.0,44.554455445544555,0.0,2.4752475247524752,0.0,0.0,39.603960396039604,4.9504950495049505,0.0,0.0,0.0,0.0,0.0,0.0,0.0,0.0,0.0,0.0,0.0,0.0,7.425742574257425,74.25742574257426,44.554455445544555,12.376237623762377,39.603960396039604,0.5127551020408163,3.954081632653061,2.4752475247524752,2.4752475247524752,2.4752475247524752,0.0,7.425742574257425,0.0,9.900990099009901,0.0,0.0,7.425742574257425,4.9504950495049505,17.32673267326733,0.0,0.0,17.32673267326733,0.0,2.4752475247524752,0.0,0.0,7.425742574257425,27.22772277227723,17.32673267326733,4.9504950495049505
134761,100.47846889952153,21.5311004784689,0.0,4.784688995215311,2.3923444976076556,0.0,0.0,33.49282296650718,40.66985645933014,0.0,2.3923444976076556,2.3923444976076556,11.961722488038278,16.74641148325359,0.0,265.55023923444975,7.177033492822967,2.3923444976076556,31.10047846889952,0.0,7.177033492822967,0.0,0.0,19.138755980861244,0.0,0.0,2.3923444976076556,0.0,4.784688995215311,0.0,2.3923444976076556,0.0,0.0,0.0,0.0,2.3923444976076556,7.177033492822967,7.177033492822967,114.83253588516747,38.27751196172249,7.177033492822967,35.88516746411483,0.5012106537530266,4.513317191283293,4.784688995215311,0.0,0.0,2.3923444976076556,2.3923444976076556,0.0,2.3923444976076556,0.0,0.0,4.784688995215311,0.0,19.138755980861244,7.177033492822967,0.0,0.0,0.0,0.0,0.0,0.0,9.569377990430622,11.961722488038278,0.0,4.784688995215311
135111,93.97590361445783,16.867469879518072,2.4096385542168677,7.228915662650603,7.228915662650603,101.20481927710844,0.0,14.457831325301205,26.50602409638554,0.0,2.4096385542168677,2.4096385542168677,12.048192771084338,14.457831325301205,2.4096385542168677,156.6265060240964,12.048192771084338,0.0,21.686746987951807,2.4096385542168677,4.819277108433735,0.0,0.0,33.734939759036145,4.819277108433735,0.0,4.819277108433735,0.0,7.228915662650603,0.0,0.0,0.0,0.0,0.0,0.0,0.0,2.4096385542168677,9.63855421686747,89.1566265060241,28.91566265060241,7.228915662650603,69.87951807228916,0.4950980392156863,3.9754901960784315,0.0,0.0,0.0,0.0,7.228915662650603,0.0,4.819277108433735,9.63855421686747,0.0,21.686746987951807,7.228915662650603,38.55421686746988,2.4096385542168677,7.228915662650603,7.228915662650603,2.4096385542168677,2.4096385542168677,0.0,7.228915662650603,7.228915662650603,26.50602409638554,2.4096385542168677,7.228915662650603
138678,123.51543942992873,7.125890736342043,0.0,4.750593824228028,0.0,99.7624703087886,0.0,11.876484560570072,21.377672209026127,2.375296912114014,11.876484560570072,0.0,7.125890736342043,2.375296912114014,2.375296912114014,199.5249406175772,2.375296912114014,0.0,23.752969121140143,0.0,4.750593824228028,0.0,0.0,19.002375296912113,7.125890736342043,0.0,0.0,0.0,2.375296912114014,0.0,0.0,0.0,0.0,0.0,0.0,0.0,2.375296912114014,16.6270783847981,102.1377672209026,68.88361045130641,4.750593824228028,57.00712589073635,0.4976190476190476,4.1119047619047615,2.375296912114014,2.375296912114014,0.0,0.0,11.876484560570072,0.0,0.0,0.0,0.0,0.0,0.0,28.503562945368174,0.0,4.750593824228028,2.375296912114014,0.0,0.0,2.375296912114014,7.125890736342043,11.876484560570072,19.002375296912113,0.0,2.375296912114014
139383,81.08108108108108,0.0,27.027027027027028,9.828009828009828,2.457002457002457,88.45208845208845,34.3980343980344,34.3980343980344,4.914004914004914,4.914004914004914,0.0,0.0,9.828009828009828,12.285012285012284,0.0,164.61916461916462,0.0,0.0,12.285012285012284,2.457002457002457,0.0,0.0,0.0,34.3980343980344,0.0,2.457002457002457,0.0,2.457002457002457,0.0,0.0,0.0,0.0,0.0,0.0,0.0,0.0,0.0,7.371007371007371,76.16707616707617,31.94103194103194,7.371007371007371,54.054054054054056,0.5338345864661654,3.93734335839599,0.0,2.457002457002457,0.0,2.457002457002457,12.285012285012284,0.0,7.371007371007371,24.570024570024568,0.0,2.457002457002457,14.742014742014742,29.484029484029485,7.371007371007371,0.0,17.1990171990172,0.0,0.0,2.457002457002457,4.914004914004914,4.914004914004914,14.742014742014742,0.0,9.828009828009828
140795,94.05940594059406,24.752475247524753,0.0,4.9504950495049505,0.0,81.68316831683168,0.0,7.425742574257425,17.32673267326733,0.0,2.4752475247524752,0.0,27.22772277227723,14.85148514851485,0.0,200.49504950495052,2.4752475247524752,0.0,29.7029702970297,0.0,0.0,0.0,0.0,24.752475247524753,7.425742574257425,2.4752475247524752,0.0,0.0,17.32673267326733,0.0,2.4752475247524752,2.4752475247524752,0.0,0.0,0.0,0.0,0.0,2.4752475247524752,111.38613861386139,59.4059405940594,12.376237623762377,39.603960396039604,0.5136476426799007,4.121588089330025,0.0,2.4752475247524752,0.0,4.9504950495049505,4.9504950495049505,0.0,0.0,0.0,0.0,2.4752475247524752,7.425742574257425,2.4752475247524752,0.0,4.9504950495049505,2.4752475247524752,0.0,2.4752475247524752,0.0,0.0,12.376237623762377,24.752475247524753,0.0,4.9504950495049505
141638,70.3883495145631,16.990291262135923,0.0,2.4271844660194173,0.0,0.0,0.0,63.10679611650485,7.281553398058253,0.0,0.0,0.0,12.135922330097086,7.281553398058253,2.4271844660194173,242.71844660194176,4.854368932038835,2.4271844660194173,12.135922330097086,0.0,0.0,0.0,0.0,14.563106796116505,9.70873786407767,0.0,0.0,2.4271844660194173,4.854368932038835,2.4271844660194173,0.0,0.0,0.0,0.0,0.0,0.0,2.4271844660194173,9.70873786407767,123.7864077669903,53.398058252427184,7.281553398058253,38.83495145631068,0.5,4.38780487804878,4.854368932038835,2.4271844660194173,0.0,2.4271844660194173,0.0,0.0,0.0,4.854368932038835,0.0,7.281553398058253,4.854368932038835,16.990291262135923,0.0,4.854368932038835,0.0,0.0,0.0,0.0,4.854368932038835,12.135922330097086,7.281553398058253,0.0,0.0
14195,78.43137254901961,17.156862745098042,12.254901960784313,0.0,4.901960784313726,29.41176470588235,0.0,44.11764705882353,2.450980392156863,0.0,0.0,0.0,9.803921568627452,17.156862745098042,4.901960784313726,296.5686274509804,4.901960784313726,7.352941176470588,9.803921568627452,0.0,4.901960784313726,0.0,0.0,9.803921568627452,2.450980392156863,2.450980392156863,0.0,0.0,7.352941176470588,0.0,0.0,0.0,0.0,2.450980392156863,0.0,0.0,0.0,4.901960784313726,102.94117647058823,36.76470588235294,0.0,26.96078431372549,0.541871921182266,4.711822660098522,0.0,2.450980392156863,0.0,2.450980392156863,2.450980392156863,0.0,7.352941176470588,2.450980392156863,2.450980392156863,12.254901960784313,2.450980392156863,12.254901960784313,0.0,0.0,0.0,0.0,2.450980392156863,0.0,2.450980392156863,7.352941176470588,9.803921568627452,0.0,7.352941176470588
143898,50.60240963855422,12.048192771084338,40.96385542168675,0.0,0.0,101.20481927710844,2.4096385542168677,9.63855421686747,9.63855421686747,2.4096385542168677,7.228915662650603,0.0,12.048192771084338,4.819277108433735,0.0,178.3132530120482,0.0,0.0,21.686746987951807,0.0,7.228915662650603,0.0,0.0,28.91566265060241,4.819277108433735,2.4096385542168677,2.4096385542168677,2.4096385542168677,4.819277108433735,0.0,0.0,0.0,0.0,0.0,0.0,0.0,0.0,7.228915662650603,108.43373493975903,43.373493975903614,9.63855421686747,60.24096385542169,0.5175879396984925,4.2537688442211055,2.4096385542168677,0.0,2.4096385542168677,0.0,12.048192771084338,0.0,0.0,0.0,0.0,4.819277108433735,0.0,21.686746987951807,0.0,2.4096385542168677,33.734939759036145,0.0,2.4096385542168677,0.0,0.0,9.63855421686747,14.457831325301205,0.0,7.228915662650603
147071,48.309178743961354,28.985507246376812,67.6328502415459,12.077294685990339,0.0,86.95652173913044,14.492753623188406,55.55555555555555,12.077294685990339,2.4154589371980677,2.4154589371980677,0.0,19.32367149758454,9.66183574879227,0.0,169.08212560386474,0.0,0.0,19.32367149758454,2.4154589371980677,4.830917874396135,0.0,0.0,48.309178743961354,4.830917874396135,0.0,0.0,0.0,12.077294685990339,2.4154589371980677,2.4154589371980677,0.0,0.0,0.0,0.0,0.0,7.246376811594203,12.077294685990339,82.1256038647343,19.32367149758454,2.4154589371980677,43.47826086956522,0.5277777777777778,4.179292929292929,0.0,4.830917874396135,0.0,2.4154589371980677,2.4154589371980677,0.0,2.4154589371980677,9.66183574879227,0.0,4.830917874396135,4.830917874396135,43.47826086956522,0.0,0.0,41.06280193236715,0.0,0.0,0.0,4.830917874396135,12.077294685990339,21.73913043478261,0.0,9.66183574879227
150318,92.85714285714286,16.666666666666668,38.0952380952381,2.3809523809523814,2.3809523809523814,107.14285714285714,57.14285714285714,0.0,28.57142857142857,2.3809523809523814,7.142857142857142,11.904761904761903,42.857142857142854,11.904761904761903,2.3809523809523814,114.28571428571428,2.3809523809523814,0.0,42.857142857142854,0.0,2.3809523809523814,0.0,9.523809523809526,30.952380952380953,7.142857142857142,0.0,0.0,0.0,9.523809523809526,2.3809523809523814,0.0,0.0,0.0,0.0,0.0,0.0,4.761904761904763,9.523809523809526,83.33333333333333,11.904761904761903,9.523809523809526,88.0952380952381,0.4852216748768473,3.9310344827586206,2.3809523809523814,0.0,2.3809523809523814,0.0,14.285714285714285,0.0,2.3809523809523814,16.666666666666668,0.0,4.761904761904763,7.142857142857142,38.0952380952381,0.0,0.0,33.333333333333336,0.0,2.3809523809523814,0.0,7.142857142857142,19.04761904761905,19.04761904761905,0.0,19.04761904761905
152450,119.2214111922141,2.4330900243309004,4.866180048661801,9.732360097323602,0.0,82.7250608272506,0.0,46.228710462287104,2.4330900243309004,4.866180048661801,14.598540145985401,0.0,21.897810218978105,4.866180048661801,0.0,182.4817518248175,2.4330900243309004,0.0,24.330900243309003,0.0,0.0,0.0,0.0,19.464720194647203,12.165450121654501,2.4330900243309004,4.866180048661801,7.299270072992701,12.165450121654501,0.0,2.4330900243309004,0.0,0.0,0.0,0.0,0.0,2.4330900243309004,24.330900243309003,114.35523114355232,34.0632603406326,2.4330900243309004,65.69343065693431,0.5317073170731708,4.429268292682927,2.4330900243309004,7.299270072992701,4.866180048661801,4.866180048661801,2.4330900243309004,0.0,2.4330900243309004,0.0,0.0,0.0,0.0,31.630170316301705,4.866180048661801,12.165450121654501,2.4330900243309004,0.0,0.0,0.0,2.4330900243309004,7.299270072992701,17.0316301703163,0.0,7.299270072992701
15252,89.80582524271844,12.135922330097086,14.563106796116505,16.990291262135923,0.0,29.12621359223301,7.281553398058253,12.135922330097086,16.990291262135923,4.854368932038835,0.0,0.0,31.553398058252426,9.70873786407767,0.0,213.59223300970874,14.563106796116505,2.4271844660194173,16.990291262135923,4.854368932038835,2.4271844660194173,0.0,0.0,21.844660194174757,4.854368932038835,2.4271844660194173,2.4271844660194173,0.0,21.844660194174757,2.4271844660194173,4.854368932038835,0.0,0.0,0.0,0.0,0.0,4.854368932038835,16.990291262135923,104.36893203883494,50.970873786407765,4.854368932038835,41.2621359223301,0.5490196078431373,4.2181372549019605,0.0,2.4271844660194173,0.0,0.0,7.281553398058253,0.0,0.0,2.4271844660194173,0.0,4.854368932038835,4.854368932038835,16.990291262135923,4.854368932038835,7.281553398058253,0.0,0.0,0.0,0.0,4.854368932038835,14.563106796116505,14.563106796116505,0.0,4.854368932038835
153168,90.68627450980392,17.156862745098042,19.607843137254903,4.901960784313726,0.0,12.254901960784313,2.450980392156863,56.372549019607845,9.803921568627452,7.352941176470588,0.0,2.450980392156863,9.803921568627452,9.803921568627452,0.0,225.49019607843138,9.803921568627452,2.450980392156863,24.509803921568626,2.450980392156863,4.901960784313726,2.450980392156863,0.0,17.156862745098042,12.254901960784313,0.0,2.450980392156863,0.0,2.450980392156863,0.0,2.450980392156863,0.0,0.0,0.0,0.0,0.0,0.0,14.705882352941176,95.58823529411764,39.21568627450981,7.352941176470588,31.862745098039213,0.5367088607594936,4.237974683544304,2.450980392156863,0.0,0.0,0.0,4.901960784313726,0.0,0.0,12.254901960784313,2.450980392156863,0.0,7.352941176470588,22.058823529411764,2.450980392156863,0.0,19.607843137254903,0.0,2.450980392156863,0.0,2.450980392156863,4.901960784313726,14.705882352941176,0.0,9.803921568627452
15729,97.38717339667458,2.375296912114014,7.125890736342043,0.0,0.0,4.750593824228028,0.0,21.377672209026127,21.377672209026127,4.750593824228028,4.750593824228028,0.0,7.125890736342043,16.6270783847981,4.750593824228028,251.78147268408551,7.125890736342043,2.375296912114014,14.251781472684087,0.0,4.750593824228028,0.0,2.375296912114014,30.878859857482183,7.125890736342043,2.375296912114014,7.125890736342043,0.0,0.0,0.0,0.0,0.0,0.0,0.0,0.0,0.0,2.375296912114014,9.501187648456057,85.5106888361045,38.00475059382423,4.750593824228028,38.00475059382423,0.5423728813559322,4.583535108958838,2.375296912114014,2.375296912114014,0.0,0.0,11.876484560570072,0.0,0.0,0.0,0.0,7.125890736342043,9.501187648456057,16.6270783847981,2.375296912114014,2.375296912114014,9.501187648456057,0.0,0.0,0.0,0.0,11.876484560570072,16.6270783847981,0.0,7.125890736342043
159923,79.71014492753622,16.908212560386474,0.0,2.4154589371980677,2.4154589371980677,0.0,0.0,7.246376811594203,7.246376811594203,0.0,4.830917874396135,0.0,33.81642512077295,28.985507246376812,2.4154589371980677,239.13043478260872,7.246376811594203,2.4154589371980677,26.570048309178745,0.0,2.4154589371980677,0.0,0.0,14.492753623188406,7.246376811594203,0.0,0.0,0.0,24.154589371980677,0.0,0.0,0.0,0.0,2.4154589371980677,0.0,0.0,0.0,4.830917874396135,135.2657004830918,72.46376811594203,7.246376811594203,57.971014492753625,0.5665859564164649,4.978208232445521,0.0,0.0,0.0,0.0,7.246376811594203,0.0,12.077294685990339,4.830917874396135,0.0,4.830917874396135,2.4154589371980677,2.4154589371980677,2.4154589371980677,2.4154589371980677,0.0,0.0,0.0,0.0,4.830917874396135,19.32367149758454,9.66183574879227,0.0,0.0
159988,103.86473429951691,16.908212560386474,0.0,7.246376811594203,0.0,65.21739130434783,0.0,0.0,9.66183574879227,0.0,14.492753623188406,0.0,19.32367149758454,14.492753623188406,7.246376811594203,183.57487922705315,9.66183574879227,2.4154589371980677,31.40096618357488,7.246376811594203,0.0,2.4154589371980677,0.0,16.908212560386474,9.66183574879227,2.4154589371980677,4.830917874396135,0.0,12.077294685990339,0.0,2.4154589371980677,0.0,0.0,0.0,0.0,0.0,0.0,19.32367149758454,91.78743961352657,38.64734299516908,14.492753623188406,55.55555555555555,0.5352798053527981,4.399026763990268,7.246376811594203,4.830917874396135,0.0,0.0,7.246376811594203,0.0,0.0,7.246376811594203,0.0,2.4154589371980677,2.4154589371980677,16.908212560386474,0.0,4.830917874396135,4.830917874396135,0.0,0.0,0.0,0.0,21.73913043478261,21.73913043478261,2.4154589371980677,4.830917874396135
160578,49.26108374384237,34.48275862068965,66.50246305418719,0.0,7.389162561576354,108.37438423645321,9.852216748768473,4.926108374384237,22.167487684729064,0.0,0.0,0.0,19.704433497536947,0.0,4.926108374384237,152.70935960591135,7.389162561576354,0.0,34.48275862068965,0.0,4.926108374384237,0.0,0.0,39.40886699507389,0.0,0.0,0.0,0.0,7.389162561576354,0.0,4.926108374384237,0.0,0.0,0.0,0.0,0.0,7.389162561576354,7.389162561576354,76.35467980295567,34.48275862068965,17.241379310344826,61.576354679802954,0.47368421052631576,4.023684210526316,2.4630541871921183,0.0,0.0,0.0,2.4630541871921183,0.0,2.4630541871921183,12.315270935960593,0.0,2.4630541871921183,14.778325123152708,29.556650246305416,2.4630541871921183,0.0,56.65024630541872,0.0,4.926108374384237,0.0,4.926108374384237,12.315270935960593,17.241379310344826,0.0,19.704433497536947
162516,103.96039603960395,12.376237623762377,0.0,4.9504950495049505,0.0,0.0,0.0,37.12871287128713,14.85148514851485,2.4752475247524752,2.4752475247524752,2.4752475247524752,34.65346534653466,17.32673267326733,0.0,257.4257425742574,4.9504950495049505,0.0,19.801980198019802,0.0,2.4752475247524752,2.4752475247524752,0.0,4.9504950495049505,4.9504950495049505,0.0,0.0,0.0,14.85148514851485,2.4752475247524752,7.425742574257425,0.0,0.0,0.0,0.0,0.0,4.9504950495049505,9.900990099009901,101.48514851485149,54.45544554455446,9.900990099009901,54.45544554455446,0.5417721518987342,4.916455696202532,0.0,2.4752475247524752,2.4752475247524752,0.0,4.9504950495049505,0.0,0.0,9.900990099009901,0.0,0.0,4.9504950495049505,7.425742574257425,2.4752475247524752,2.4752475247524752,4.9504950495049505,0.0,0.0,0.0,2.4752475247524752,4.9504950495049505,12.376237623762377,0.0,7.425742574257425
16309,74.81296758104739,4.987531172069826,84.78802992518703,4.987531172069826,0.0,119.7007481296758,49.87531172069826,4.987531172069826,9.975062344139651,7.481296758104738,7.481296758104738,0.0,22.443890274314214,12.468827930174564,0.0,109.72568578553616,9.975062344139651,0.0,52.36907730673317,2.493765586034913,0.0,0.0,0.0,19.950124688279303,14.962593516209475,0.0,0.0,2.493765586034913,2.493765586034913,0.0,0.0,0.0,0.0,0.0,2.493765586034913,0.0,0.0,7.481296758104738,82.29426433915212,17.456359102244388,12.468827930174564,77.3067331670823,0.39572192513368987,3.890374331550802,0.0,0.0,0.0,0.0,14.962593516209475,0.0,12.468827930174564,2.493765586034913,0.0,2.493765586034913,27.43142144638404,17.456359102244388,7.481296758104738,0.0,67.33167082294264,0.0,0.0,0.0,7.481296758104738,7.481296758104738,14.962593516209475,0.0,19.950124688279303
164931,75.79462102689487,0.0,4.88997555012225,4.88997555012225,0.0,0.0,2.444987775061125,44.00977995110025,9.7799511002445,4.88997555012225,0.0,0.0,9.7799511002445,14.669926650366747,2.444987775061125,239.6088019559902,12.224938875305625,0.0,12.224938875305625,2.444987775061125,4.88997555012225,0.0,0.0,19.559902200489,7.334963325183374,4.88997555012225,4.88997555012225,0.0,0.0,0.0,0.0,0.0,0.0,0.0,0.0,0.0,0.0,12.224938875305625,124.69437652811736,70.90464547677261,2.444987775061125,73.34963325183375,0.5528255528255528,4.5675675675675675,2.444987775061125,0.0,0.0,2.444987775061125,22.004889975550125,0.0,2.444987775061125,4.88997555012225,0.0,0.0,0.0,14.669926650366747,2.444987775061125,4.88997555012225,4.88997555012225,0.0,0.0,0.0,2.444987775061125,9.7799511002445,2.444987775061125,0.0,4.88997555012225
165268,95.58823529411764,4.901960784313726,36.76470588235294,2.450980392156863,7.352941176470588,122.54901960784314,34.313725490196084,39.21568627450981,4.901960784313726,2.450980392156863,7.352941176470588,2.450980392156863,34.313725490196084,7.352941176470588,0.0,125.0,0.0,0.0,26.96078431372549,0.0,0.0,0.0,2.450980392156863,29.41176470588235,14.705882352941176,0.0,0.0,0.0,0.0,4.901960784313726,2.450980392156863,0.0,0.0,0.0,0.0,0.0,0.0,2.450980392156863,78.43137254901961,51.470588235294116,12.254901960784313,71.07843137254902,0.4156171284634761,3.8211586901763224,0.0,0.0,2.450980392156863,0.0,2.450980392156863,0.0,0.0,7.352941176470588,0.0,4.901960784313726,22.058823529411764,24.509803921568626,14.705882352941176,0.0,26.96078431372549,0.0,4.901960784313726,0.0,0.0,4.901960784313726,9.803921568627452,0.0,9.803921568627452
166937,107.23192019950125,9.975062344139651,4.987531172069826,4.987531172069826,0.0,4.987531172069826,2.493765586034913,72.31920199501248,4.987531172069826,2.493765586034913,4.987531172069826,7.481296758104738,24.93765586034913,12.468827930174564,0.0,216.95760598503742,7.481296758104738,2.493765586034913,12.468827930174564,0.0,0.0,0.0,0.0,24.93765586034913,9.975062344139651,0.0,4.987531172069826,2.493765586034913,0.0,0.0,9.975062344139651,0.0,0.0,0.0,0.0,0.0,0.0,12.468827930174564,107.23192019950125,44.88778054862843,0.0,59.8503740648379,0.5431472081218274,4.223350253807107,0.0,0.0,0.0,2.493765586034913,9.975062344139651,0.0,4.987531172069826,0.0,0.0,0.0,4.987531172069826,12.468827930174564,0.0,4.987531172069826,9.975062344139651,0.0,0.0,0.0,2.493765586034913,0.0,9.975062344139651,2.493765586034913,7.481296758104738
167501,68.7960687960688,17.1990171990172,56.511056511056516,7.371007371007371,0.0,71.25307125307125,0.0,17.1990171990172,24.570024570024568,0.0,9.828009828009828,0.0,12.285012285012284,2.457002457002457,0.0,211.3022113022113,9.828009828009828,0.0,24.570024570024568,4.914004914004914,2.457002457002457,0.0,0.0,17.1990171990172,0.0,0.0,4.914004914004914,0.0,2.457002457002457,0.0,0.0,0.0,0.0,0.0,0.0,0.0,0.0,17.1990171990172,83.53808353808354,24.570024570024568,4.914004914004914,41.76904176904177,0.5485564304461942,4.120734908136483,2.457002457002457,0.0,2.457002457002457,0.0,2.457002457002457,0.0,0.0,7.371007371007371,0.0,0.0,2.457002457002457,39.31203931203931,2.457002457002457,0.0,41.76904176904177,4.914004914004914,0.0,0.0,0.0,9.828009828009828,22.11302211302211,2.457002457002457,9.828009828009828
167706,107.0559610705596,9.732360097323602,0.0,7.299270072992701,2.4330900243309004,72.992700729927,0.0,34.0632603406326,17.0316301703163,4.866180048661801,0.0,0.0,17.0316301703163,4.866180048661801,2.4330900243309004,180.04866180048663,7.299270072992701,0.0,24.330900243309003,0.0,2.4330900243309004,0.0,0.0,12.165450121654501,14.598540145985401,0.0,0.0,0.0,2.4330900243309004,0.0,4.866180048661801,0.0,0.0,2.4330900243309004,0.0,0.0,0.0,24.330900243309003,116.78832116788321,36.4963503649635,4.866180048661801,55.961070559610704,0.5269607843137255,4.259803921568627,0.0,4.866180048661801,0.0,0.0,2.4330900243309004,0.0,4.866180048661801,4.866180048661801,0.0,9.732360097323602,0.0,26.7639902676399,2.4330900243309004,7.299270072992701,7.299270072992701,2.4330900243309004,0.0,0.0,4.866180048661801,12.165450121654501,17.0316301703163,4.866180048661801,7.299270072992701
168426,80.09708737864078,2.4271844660194173,0.0,7.281553398058253,0.0,0.0,0.0,24.271844660194173,19.41747572815534,0.0,2.4271844660194173,0.0,24.271844660194173,29.12621359223301,4.854368932038835,259.70873786407765,9.70873786407767,4.854368932038835,19.41747572815534,0.0,4.854368932038835,0.0,0.0,29.12621359223301,4.854368932038835,7.281553398058253,2.4271844660194173,0.0,9.70873786407767,2.4271844660194173,7.281553398058253,0.0,0.0,0.0,0.0,0.0,0.0,12.135922330097086,121.35922330097088,46.116504854368934,0.0,31.553398058252426,0.5427872860635696,4.74083129584352,0.0,0.0,0.0,4.854368932038835,4.854368932038835,0.0,0.0,2.4271844660194173,0.0,2.4271844660194173,4.854368932038835,19.41747572815534,2.4271844660194173,4.854368932038835,0.0,0.0,0.0,0.0,7.281553398058253,9.70873786407767,9.70873786407767,0.0,0.0
171256,106.38297872340425,11.82033096926714,0.0,2.3640661938534278,14.184397163120567,78.01418439716312,0.0,16.548463356973993,14.184397163120567,0.0,7.092198581560283,0.0,2.3640661938534278,14.184397163120567,0.0,210.40189125295507,2.3640661938534278,0.0,11.82033096926714,0.0,2.3640661938534278,0.0,0.0,18.912529550827422,9.456264775413711,2.3640661938534278,0.0,0.0,2.3640661938534278,0.0,0.0,0.0,0.0,0.0,0.0,0.0,0.0,9.456264775413711,99.29078014184398,47.28132387706856,9.456264775413711,49.64539007092199,0.5571428571428572,4.369047619047619,2.3640661938534278,2.3640661938534278,0.0,0.0,7.092198581560283,2.3640661938534278,0.0,0.0,0.0,0.0,4.7281323877068555,16.548463356973993,0.0,4.7281323877068555,2.3640661938534278,0.0,0.0,0.0,4.7281323877068555,23.64066193853428,18.912529550827422,0.0,4.7281323877068555
173335,7.5,30.0,80.0,5.0,0.0,70.0,0.0,20.0,12.5,0.0,5.0,0.0,7.5,5.0,2.5,255.0,2.5,2.5,25.0,0.0,0.0,2.5,0.0,25.0,7.5,0.0,0.0,0.0,0.0,0.0,5.0,0.0,0.0,0.0,0.0,0.0,0.0,2.5,85.0,52.5,5.0,55.0,0.5989445910290238,4.306068601583114,0.0,5.0,0.0,2.5,7.5,0.0,5.0,2.5,0.0,5.0,0.0,25.0,0.0,7.5,42.5,0.0,0.0,0.0,0.0,7.5,27.5,0.0,2.5
173785,103.19410319410319,9.828009828009828,2.457002457002457,7.371007371007371,4.914004914004914,98.28009828009827,0.0,0.0,27.027027027027028,2.457002457002457,0.0,0.0,14.742014742014742,17.1990171990172,4.914004914004914,176.9041769041769,7.371007371007371,0.0,29.484029484029485,2.457002457002457,2.457002457002457,0.0,0.0,36.85503685503686,7.371007371007371,0.0,0.0,4.914004914004914,9.828009828009828,0.0,0.0,0.0,2.457002457002457,0.0,0.0,0.0,2.457002457002457,9.828009828009828,103.19410319410319,56.511056511056516,2.457002457002457,34.3980343980344,0.5123152709359606,4.113300492610837,0.0,2.457002457002457,0.0,0.0,7.371007371007371,0.0,2.457002457002457,4.914004914004914,0.0,7.371007371007371,0.0,19.656019656019655,2.457002457002457,4.914004914004914,2.457002457002457,2.457002457002457,0.0,0.0,2.457002457002457,12.285012285012284,19.656019656019655,0.0,0.0
174783,84.78802992518703,14.962593516209475,19.950124688279303,2.493765586034913,2.493765586034913,12.468827930174564,9.975062344139651,54.86284289276808,9.975062344139651,4.987531172069826,4.987531172069826,2.493765586034913,9.975062344139651,9.975062344139651,0.0,269.32668329177056,7.481296758104738,0.0,19.950124688279303,0.0,4.987531172069826,0.0,0.0,12.468827930174564,12.468827930174564,0.0,0.0,4.987531172069826,0.0,0.0,4.987531172069826,0.0,0.0,0.0,0.0,0.0,2.493765586034913,9.975062344139651,94.76309226932668,74.81296758104739,0.0,49.87531172069826,0.6175710594315246,4.6434108527131785,0.0,4.987531172069826,0.0,0.0,0.0,0.0,0.0,0.0,0.0,2.493765586034913,9.975062344139651,17.456359102244388,2.493765586034913,2.493765586034913,24.93765586034913,2.493765586034913,0.0,0.0,4.987531172069826,4.987531172069826,12.468827930174564,0.0,7.481296758104738
174829,93.36609336609337,2.457002457002457,0.0,7.371007371007371,0.0,103.19410319410319,4.914004914004914,19.656019656019655,27.027027027027028,7.371007371007371,2.457002457002457,4.914004914004914,22.11302211302211,12.285012285012284,2.457002457002457,157.24815724815724,2.457002457002457,2.457002457002457,34.3980343980344,0.0,2.457002457002457,0.0,7.371007371007371,31.94103194103194,14.742014742014742,0.0,2.457002457002457,2.457002457002457,2.457002457002457,4.914004914004914,0.0,0.0,0.0,0.0,0.0,0.0,0.0,12.285012285012284,81.08108108108108,46.68304668304668,4.914004914004914,83.53808353808354,0.49373433583959897,4.225563909774436,0.0,2.457002457002457,2.457002457002457,2.457002457002457,19.656019656019655,0.0,0.0,14.742014742014742,0.0,17.1990171990172,0.0,29.484029484029485,0.0,0.0,19.656019656019655,0.0,2.457002457002457,0.0,4.914004914004914,7.371007371007371,17.1990171990172,0.0,9.828009828009828
174867,56.79012345679013,27.160493827160494,51.85185185185185,0.0,4.938271604938271,22.22222222222222,34.5679012345679,27.160493827160494,12.345679012345679,9.876543209876543,2.4691358024691357,0.0,12.345679012345679,14.814814814814815,0.0,219.7530864197531,2.4691358024691357,0.0,29.62962962962963,0.0,0.0,0.0,2.4691358024691357,19.753086419753085,12.345679012345679,0.0,0.0,0.0,0.0,0.0,0.0,0.0,0.0,0.0,0.0,0.0,2.4691358024691357,7.407407407407407,88.88888888888889,54.32098765432099,12.345679012345679,56.79012345679013,0.5569948186528497,4.852331606217617,0.0,4.938271604938271,0.0,2.4691358024691357,4.938271604938271,2.4691358024691357,2.4691358024691357,0.0,0.0,2.4691358024691357,7.407407407407407,14.814814814814815,2.4691358024691357,2.4691358024691357,29.62962962962963,0.0,2.4691358024691357,0.0,2.4691358024691357,0.0,7.407407407407407,0.0,14.814814814814815
175467,7.211538461538462,9.615384615384617,122.59615384615384,2.403846153846154,7.211538461538462,103.36538461538461,0.0,14.423076923076923,16.826923076923077,7.211538461538462,14.423076923076923,14.423076923076923,31.25,9.615384615384617,2.403846153846154,153.84615384615387,2.403846153846154,0.0,43.26923076923077,2.403846153846154,0.0,0.0,0.0,26.442307692307693,2.403846153846154,0.0,0.0,0.0,9.615384615384617,0.0,7.211538461538462,0.0,0.0,0.0,0.0,0.0,0.0,2.403846153846154,72.11538461538461,40.86538461538461,12.01923076923077,74.51923076923077,0.5204081632653061,4.051020408163265,0.0,0.0,4.807692307692308,0.0,4.807692307692308,2.403846153846154,12.01923076923077,9.615384615384617,0.0,4.807692307692308,0.0,38.46153846153847,0.0,0.0,57.69230769230769,0.0,4.807692307692308,0.0,0.0,9.615384615384617,24.03846153846154,0.0,9.615384615384617
179541,73.71007371007371,19.656019656019655,19.656019656019655,7.371007371007371,0.0,78.62407862407862,0.0,9.828009828009828,7.371007371007371,2.457002457002457,9.828009828009828,0.0,7.371007371007371,17.1990171990172,0.0,260.4422604422604,7.371007371007371,0.0,9.828009828009828,0.0,4.914004914004914,0.0,2.457002457002457,22.11302211302211,9.828009828009828,2.457002457002457,0.0,0.0,0.0,0.0,0.0,0.0,0.0,0.0,0.0,0.0,2.457002457002457,4.914004914004914,100.73710073710073,54.054054054054056,2.457002457002457,39.31203931203931,0.5864661654135338,4.586466165413534,4.914004914004914,2.457002457002457,0.0,0.0,9.828009828009828,0.0,0.0,0.0,0.0,4.914004914004914,4.914004914004914,24.570024570024568,0.0,2.457002457002457,14.742014742014742,0.0,0.0,0.0,2.457002457002457,7.371007371007371,12.285012285012284,0.0,2.457002457002457
181045,82.32445520581113,12.106537530266344,0.0,2.4213075060532687,2.4213075060532687,0.0,0.0,65.37530266343826,2.4213075060532687,9.685230024213075,0.0,0.0,14.527845036319613,36.31961259079903,7.263922518159807,237.28813559322035,24.213075060532688,0.0,16.949152542372882,2.4213075060532687,2.4213075060532687,0.0,0.0,26.634382566585955,0.0,0.0,0.0,0.0,4.842615012106537,0.0,2.4213075060532687,0.0,0.0,0.0,0.0,0.0,2.4213075060532687,14.527845036319613,92.00968523002422,62.953995157384995,2.4213075060532687,53.26876513317191,0.5472636815920398,4.890547263681592,0.0,2.4213075060532687,0.0,0.0,7.263922518159807,0.0,2.4213075060532687,4.842615012106537,0.0,0.0,0.0,21.791767554479417,16.949152542372882,0.0,2.4213075060532687,2.4213075060532687,0.0,0.0,12.106537530266344,19.37046004842615,9.685230024213075,0.0,12.106537530266344
181354,73.71007371007371,14.742014742014742,19.656019656019655,2.457002457002457,2.457002457002457,2.457002457002457,9.828009828009828,66.33906633906633,19.656019656019655,0.0,0.0,0.0,7.371007371007371,2.457002457002457,0.0,245.70024570024572,9.828009828009828,0.0,27.027027027027028,4.914004914004914,0.0,0.0,2.457002457002457,4.914004914004914,4.914004914004914,2.457002457002457,0.0,4.914004914004914,4.914004914004914,0.0,0.0,0.0,0.0,0.0,0.0,2.457002457002457,0.0,7.371007371007371,108.10810810810811,71.25307125307125,7.371007371007371,39.31203931203931,0.5175879396984925,4.155778894472362,0.0,0.0,0.0,0.0,0.0,0.0,2.457002457002457,0.0,0.0,4.914004914004914,0.0,7.371007371007371,0.0,2.457002457002457,7.371007371007371,0.0,0.0,0.0,4.914004914004914,4.914004914004914,24.570024570024568,0.0,0.0
183392,102.4390243902439,2.4390243902439024,31.70731707317073,4.878048780487805,0.0,95.1219512195122,21.95121951219512,36.58536585365854,9.75609756097561,2.4390243902439024,4.878048780487805,2.4390243902439024,17.073170731707318,12.195121951219512,0.0,173.17073170731706,4.878048780487805,2.4390243902439024,26.829268292682926,0.0,0.0,0.0,0.0,39.02439024390244,14.634146341463415,0.0,0.0,4.878048780487805,2.4390243902439024,0.0,0.0,0.0,0.0,0.0,0.0,0.0,2.4390243902439024,12.195121951219512,73.17073170731707,26.829268292682926,4.878048780487805,90.24390243902438,0.5276381909547738,3.9949748743718594,7.317073170731708,0.0,4.878048780487805,2.4390243902439024,9.75609756097561,0.0,2.4390243902439024,0.0,0.0,2.4390243902439024,9.75609756097561,19.51219512195122,2.4390243902439024,2.4390243902439024,29.26829268292683,2.4390243902439024,0.0,0.0,0.0,0.0,21.95121951219512,2.4390243902439024,9.75609756097561
185975,125.61576354679804,4.926108374384237,4.926108374384237,2.4630541871921183,0.0,73.89162561576356,2.4630541871921183,34.48275862068965,12.315270935960593,0.0,4.926108374384237,0.0,17.241379310344826,7.389162561576354,0.0,172.41379310344828,19.704433497536947,0.0,17.241379310344826,0.0,0.0,0.0,0.0,19.704433497536947,4.926108374384237,0.0,0.0,0.0,0.0,2.4630541871921183,2.4630541871921183,0.0,0.0,0.0,0.0,0.0,0.0,19.704433497536947,100.98522167487685,29.556650246305416,17.241379310344826,56.65024630541872,0.47117794486215536,4.165413533834586,2.4630541871921183,0.0,0.0,0.0,9.852216748768473,0.0,0.0,4.926108374384237,0.0,7.389162561576354,4.926108374384237,19.704433497536947,0.0,4.926108374384237,12.315270935960593,2.4630541871921183,0.0,0.0,2.4630541871921183,4.926108374384237,22.167487684729064,2.4630541871921183,12.315270935960593
186340,61.611374407582936,16.587677725118485,21.32701421800948,4.739336492890995,2.3696682464454977,73.45971563981043,14.218009478672984,14.218009478672984,0.0,2.3696682464454977,0.0,2.3696682464454977,16.587677725118485,16.587677725118485,0.0,187.2037914691943,11.848341232227487,0.0,23.696682464454973,0.0,0.0,0.0,0.0,21.32701421800948,11.848341232227487,0.0,2.3696682464454977,0.0,7.109004739336492,0.0,2.3696682464454977,0.0,0.0,0.0,0.0,0.0,0.0,4.739336492890995,92.41706161137441,66.35071090047394,9.47867298578199,59.241706161137444,0.5585365853658537,4.65609756097561,4.739336492890995,4.739336492890995,0.0,0.0,7.109004739336492,0.0,2.3696682464454977,7.109004739336492,0.0,11.848341232227487,2.3696682464454977,16.587677725118485,0.0,0.0,21.32701421800948,2.3696682464454977,0.0,0.0,2.3696682464454977,11.848341232227487,14.218009478672984,4.739336492890995,2.3696682464454977
187525,90.46454767726162,26.89486552567237,2.444987775061125,2.444987775061125,0.0,0.0,0.0,53.78973105134474,19.559902200489,4.88997555012225,2.444987775061125,0.0,31.78484107579462,12.224938875305625,0.0,227.3838630806846,12.224938875305625,0.0,29.339853300733495,2.444987775061125,2.444987775061125,0.0,0.0,9.7799511002445,4.88997555012225,0.0,0.0,0.0,26.89486552567237,0.0,4.88997555012225,0.0,0.0,0.0,0.0,2.444987775061125,2.444987775061125,19.559902200489,124.69437652811736,46.45476772616137,2.444987775061125,44.00977995110025,0.4488778054862843,4.239401496259352,0.0,0.0,0.0,0.0,4.88997555012225,0.0,0.0,4.88997555012225,0.0,4.88997555012225,2.444987775061125,22.004889975550125,0.0,2.444987775061125,7.334963325183374,0.0,0.0,0.0,2.444987775061125,9.7799511002445,7.334963325183374,0.0,7.334963325183374
189007,89.80582524271844,21.844660194174757,9.70873786407767,0.0,2.4271844660194173,4.854368932038835,0.0,43.689320388349515,9.70873786407767,0.0,4.854368932038835,0.0,26.699029126213592,24.271844660194173,4.854368932038835,206.31067961165047,2.4271844660194173,0.0,41.2621359223301,0.0,7.281553398058253,4.854368932038835,0.0,21.844660194174757,7.281553398058253,0.0,2.4271844660194173,2.4271844660194173,14.563106796116505,0.0,0.0,0.0,0.0,2.4271844660194173,0.0,0.0,7.281553398058253,7.281553398058253,123.7864077669903,53.398058252427184,9.70873786407767,60.67961165048544,0.49264705882352944,4.720588235294118,0.0,2.4271844660194173,0.0,0.0,9.70873786407767,0.0,2.4271844660194173,12.135922330097086,0.0,0.0,4.854368932038835,16.990291262135923,12.135922330097086,0.0,7.281553398058253,0.0,0.0,0.0,4.854368932038835,0.0,14.563106796116505,0.0,9.70873786407767
192233,116.78832116788321,14.598540145985401,14.598540145985401,12.165450121654501,0.0,80.2919708029197,14.598540145985401,26.7639902676399,26.7639902676399,2.4330900243309004,12.165450121654501,2.4330900243309004,19.464720194647203,9.732360097323602,0.0,165.4501216545012,2.4330900243309004,0.0,29.197080291970803,0.0,0.0,0.0,0.0,12.165450121654501,7.299270072992701,0.0,0.0,0.0,9.732360097323602,2.4330900243309004,2.4330900243309004,0.0,0.0,0.0,0.0,0.0,2.4330900243309004,12.165450121654501,80.2919708029197,51.09489051094891,9.732360097323602,55.961070559610704,0.511166253101737,3.923076923076923,0.0,0.0,2.4330900243309004,2.4330900243309004,17.0316301703163,0.0,0.0,7.299270072992701,0.0,0.0,17.0316301703163,36.4963503649635,0.0,7.299270072992701,12.165450121654501,0.0,0.0,0.0,2.4330900243309004,7.299270072992701,21.897810218978105,4.866180048661801,4.866180048661801
193262,93.45794392523364,11.682242990654204,2.336448598130841,0.0,11.682242990654204,0.0,0.0,60.74766355140187,9.345794392523365,2.336448598130841,0.0,4.672897196261682,25.700934579439252,14.018691588785046,4.672897196261682,200.93457943925233,4.672897196261682,0.0,21.02803738317757,0.0,2.336448598130841,0.0,2.336448598130841,35.046728971962615,2.336448598130841,0.0,0.0,0.0,18.69158878504673,0.0,0.0,0.0,0.0,0.0,0.0,0.0,0.0,9.345794392523365,107.4766355140187,65.42056074766354,7.009345794392523,49.06542056074766,0.5610328638497653,4.833333333333333,2.336448598130841,2.336448598130841,0.0,0.0,11.682242990654204,2.336448598130841,7.009345794392523,0.0,0.0,7.009345794392523,4.672897196261682,11.682242990654204,0.0,4.672897196261682,2.336448598130841,0.0,0.0,0.0,0.0,9.345794392523365,16.355140186915886,0.0,0.0
195215,89.77556109725685,7.481296758104738,2.493765586034913,2.493765586034913,0.0,77.3067331670823,0.0,0.0,9.975062344139651,0.0,2.493765586034913,0.0,4.987531172069826,42.394014962593516,4.987531172069826,216.95760598503742,9.975062344139651,0.0,27.43142144638404,0.0,0.0,0.0,0.0,24.93765586034913,9.975062344139651,4.987531172069826,0.0,0.0,2.493765586034913,0.0,0.0,0.0,0.0,2.493765586034913,0.0,0.0,0.0,12.468827930174564,129.67581047381546,62.34413965087282,7.481296758104738,39.900249376558605,0.5463659147869674,4.634085213032582,0.0,0.0,0.0,0.0,0.0,0.0,0.0,2.493765586034913,0.0,0.0,0.0,12.468827930174564,0.0,0.0,2.493765586034913,0.0,0.0,0.0,2.493765586034913,7.481296758104738,12.468827930174564,4.987531172069826,2.493765586034913
196409,83.53808353808354,12.285012285012284,27.027027027027028,4.914004914004914,0.0,22.11302211302211,0.0,66.33906633906633,2.457002457002457,4.914004914004914,4.914004914004914,9.828009828009828,24.570024570024568,24.570024570024568,2.457002457002457,206.38820638820638,4.914004914004914,4.914004914004914,19.656019656019655,0.0,7.371007371007371,0.0,0.0,24.570024570024568,7.371007371007371,0.0,2.457002457002457,0.0,2.457002457002457,0.0,7.371007371007371,0.0,0.0,2.457002457002457,0.0,0.0,4.914004914004914,4.914004914004914,95.82309582309583,46.68304668304668,7.371007371007371,58.96805896805897,0.555,4.9125,2.457002457002457,0.0,0.0,0.0,7.371007371007371,0.0,14.742014742014742,9.828009828009828,0.0,4.914004914004914,7.371007371007371,19.656019656019655,9.828009828009828,0.0,14.742014742014742,4.914004914004914,0.0,0.0,4.914004914004914,2.457002457002457,4.914004914004914,0.0,9.828009828009828
196756,65.37530266343826,4.842615012106537,0.0,4.842615012106537,0.0,0.0,0.0,36.31961259079903,7.263922518159807,0.0,0.0,0.0,12.106537530266344,14.527845036319613,0.0,292.9782082324455,9.685230024213075,2.4213075060532687,9.685230024213075,2.4213075060532687,0.0,0.0,0.0,19.37046004842615,12.106537530266344,4.842615012106537,4.842615012106537,0.0,4.842615012106537,2.4213075060532687,0.0,0.0,0.0,0.0,0.0,0.0,0.0,9.685230024213075,104.11622276029055,72.63922518159806,2.4213075060532687,31.476997578692497,0.5517241379310345,4.864532019704433,0.0,4.842615012106537,0.0,0.0,9.685230024213075,0.0,4.842615012106537,2.4213075060532687,0.0,0.0,4.842615012106537,14.527845036319613,4.842615012106537,0.0,0.0,0.0,0.0,0.0,0.0,21.791767554479417,4.842615012106537,0.0,0.0
200978,4.761904761904763,4.761904761904763,78.57142857142857,7.142857142857142,4.761904761904763,59.52380952380952,0.0,14.285714285714285,11.904761904761903,0.0,0.0,2.3809523809523814,14.285714285714285,16.666666666666668,9.523809523809526,238.09523809523807,7.142857142857142,0.0,23.809523809523807,2.3809523809523814,0.0,0.0,0.0,16.666666666666668,4.761904761904763,2.3809523809523814,0.0,2.3809523809523814,4.761904761904763,0.0,4.761904761904763,0.0,0.0,0.0,0.0,0.0,2.3809523809523814,2.3809523809523814,114.28571428571428,73.80952380952381,4.761904761904763,47.61904761904761,0.5148514851485149,4.381188118811881,0.0,0.0,0.0,0.0,11.904761904761903,0.0,0.0,4.761904761904763,0.0,0.0,0.0,16.666666666666668,0.0,0.0,33.333333333333336,0.0,0.0,0.0,4.761904761904763,7.142857142857142,9.523809523809526,0.0,2.3809523809523814
203189,108.91089108910892,7.425742574257425,9.900990099009901,4.9504950495049505,0.0,103.96039603960395,9.900990099009901,19.801980198019802,19.801980198019802,0.0,2.4752475247524752,7.425742574257425,12.376237623762377,12.376237623762377,4.9504950495049505,170.7920792079208,0.0,0.0,34.65346534653466,0.0,2.4752475247524752,0.0,7.425742574257425,32.17821782178218,4.9504950495049505,0.0,0.0,4.9504950495049505,2.4752475247524752,0.0,0.0,0.0,0.0,0.0,0.0,0.0,0.0,14.85148514851485,96.53465346534654,39.603960396039604,7.425742574257425,56.93069306930693,0.525,4.12,0.0,2.4752475247524752,0.0,0.0,9.900990099009901,0.0,0.0,9.900990099009901,0.0,0.0,0.0,19.801980198019802,4.9504950495049505,0.0,2.4752475247524752,0.0,2.4752475247524752,0.0,4.9504950495049505,4.9504950495049505,24.752475247524753,0.0,2.4752475247524752
20741,94.33962264150944,16.50943396226415,7.0754716981132075,7.0754716981132075,2.3584905660377355,47.16981132075472,0.0,87.26415094339622,2.3584905660377355,0.0,0.0,0.0,9.433962264150942,9.433962264150942,0.0,221.69811320754718,7.0754716981132075,0.0,9.433962264150942,0.0,2.3584905660377355,0.0,0.0,18.867924528301884,7.0754716981132075,0.0,4.716981132075471,2.3584905660377355,7.0754716981132075,0.0,0.0,0.0,0.0,0.0,0.0,0.0,0.0,9.433962264150942,113.20754716981132,42.45283018867924,4.716981132075471,30.660377358490567,0.46099290780141844,4.0236406619385345,2.3584905660377355,2.3584905660377355,0.0,0.0,2.3584905660377355,0.0,9.433962264150942,0.0,0.0,4.716981132075471,7.0754716981132075,30.660377358490567,0.0,2.3584905660377355,0.0,0.0,0.0,0.0,2.3584905660377355,14.150943396226415,7.0754716981132075,0.0,0.0
207821,96.29629629629629,9.876543209876543,4.938271604938271,12.345679012345679,2.4691358024691357,93.82716049382717,0.0,22.22222222222222,12.345679012345679,0.0,4.938271604938271,2.4691358024691357,24.691358024691358,9.876543209876543,2.4691358024691357,185.18518518518516,4.938271604938271,2.4691358024691357,24.691358024691358,0.0,4.938271604938271,0.0,0.0,24.691358024691358,0.0,0.0,0.0,2.4691358024691357,12.345679012345679,4.938271604938271,0.0,0.0,0.0,0.0,2.4691358024691357,0.0,4.938271604938271,9.876543209876543,98.76543209876543,54.32098765432099,19.753086419753085,46.91358024691358,0.5087281795511222,4.164588528678304,0.0,0.0,2.4691358024691357,0.0,7.407407407407407,0.0,0.0,14.814814814814815,0.0,0.0,0.0,46.91358024691358,4.938271604938271,9.876543209876543,4.938271604938271,2.4691358024691357,0.0,0.0,2.4691358024691357,12.345679012345679,17.28395061728395,0.0,4.938271604938271
21042,116.04938271604938,17.28395061728395,17.28395061728395,7.407407407407407,9.876543209876543,54.32098765432099,0.0,54.32098765432099,7.407407407407407,0.0,9.876543209876543,4.938271604938271,27.160493827160494,12.345679012345679,4.938271604938271,167.90123456790124,14.814814814814815,0.0,22.22222222222222,0.0,4.938271604938271,0.0,0.0,14.814814814814815,9.876543209876543,0.0,2.4691358024691357,4.938271604938271,12.345679012345679,0.0,2.4691358024691357,0.0,0.0,0.0,0.0,0.0,9.876543209876543,14.814814814814815,103.7037037037037,32.098765432098766,4.938271604938271,61.72839506172839,0.5199004975124378,4.13681592039801,0.0,2.4691358024691357,2.4691358024691357,2.4691358024691357,7.407407407407407,0.0,4.938271604938271,4.938271604938271,0.0,0.0,7.407407407407407,27.160493827160494,2.4691358024691357,4.938271604938271,7.407407407407407,2.4691358024691357,0.0,0.0,7.407407407407407,4.938271604938271,14.814814814814815,0.0,4.938271604938271
212837,71.07843137254902,14.705882352941176,2.450980392156863,7.352941176470588,0.0,0.0,4.901960784313726,51.470588235294116,7.352941176470588,0.0,2.450980392156863,0.0,12.254901960784313,24.509803921568626,4.901960784313726,281.8627450980392,9.803921568627452,0.0,14.705882352941176,0.0,0.0,0.0,0.0,19.607843137254903,4.901960784313726,2.450980392156863,7.352941176470588,0.0,4.901960784313726,0.0,2.450980392156863,0.0,0.0,0.0,0.0,0.0,2.450980392156863,4.901960784313726,154.41176470588235,46.568627450980394,7.352941176470588,22.058823529411764,0.5443349753694581,4.640394088669951,0.0,0.0,0.0,4.901960784313726,2.450980392156863,0.0,2.450980392156863,2.450980392156863,0.0,2.450980392156863,4.901960784313726,9.803921568627452,4.901960784313726,2.450980392156863,0.0,0.0,0.0,0.0,0.0,12.254901960784313,9.803921568627452,0.0,0.0
213667,104.73815461346634,4.987531172069826,22.443890274314214,4.987531172069826,0.0,69.82543640897755,2.493765586034913,37.406483790523694,22.443890274314214,2.493765586034913,0.0,0.0,19.950124688279303,7.481296758104738,4.987531172069826,172.06982543640896,2.493765586034913,0.0,19.950124688279303,2.493765586034913,0.0,0.0,2.493765586034913,7.481296758104738,4.987531172069826,0.0,0.0,0.0,4.987531172069826,0.0,0.0,0.0,0.0,0.0,2.493765586034913,0.0,0.0,14.962593516209475,102.24438902743142,42.394014962593516,7.481296758104738,67.33167082294264,0.5449871465295629,4.118251928020565,0.0,12.468827930174564,2.493765586034913,0.0,9.975062344139651,2.493765586034913,9.975062344139651,4.987531172069826,0.0,9.975062344139651,9.975062344139651,19.950124688279303,2.493765586034913,7.481296758104738,29.92518703241895,4.987531172069826,4.987531172069826,0.0,0.0,2.493765586034913,24.93765586034913,0.0,7.481296758104738
213966,100.73710073710073,9.828009828009828,7.371007371007371,2.457002457002457,2.457002457002457,108.10810810810811,0.0,4.914004914004914,12.285012285012284,0.0,7.371007371007371,0.0,7.371007371007371,9.828009828009828,2.457002457002457,171.990171990172,4.914004914004914,0.0,24.570024570024568,2.457002457002457,9.828009828009828,0.0,2.457002457002457,27.027027027027028,9.828009828009828,4.914004914004914,2.457002457002457,0.0,2.457002457002457,0.0,0.0,0.0,0.0,0.0,0.0,0.0,4.914004914004914,24.570024570024568,58.96805896805897,68.7960687960688,12.285012285012284,49.140049140049136,0.5126262626262627,4.2272727272727275,0.0,2.457002457002457,2.457002457002457,0.0,4.914004914004914,0.0,0.0,9.828009828009828,0.0,14.742014742014742,2.457002457002457,22.11302211302211,2.457002457002457,0.0,12.285012285012284,0.0,0.0,0.0,2.457002457002457,2.457002457002457,12.285012285012284,0.0,12.285012285012284
215397,100.24449877750611,14.669926650366747,4.88997555012225,2.444987775061125,0.0,9.7799511002445,0.0,26.89486552567237,9.7799511002445,0.0,4.88997555012225,0.0,19.559902200489,9.7799511002445,4.88997555012225,217.6039119804401,0.0,2.444987775061125,26.89486552567237,2.444987775061125,4.88997555012225,2.444987775061125,0.0,29.339853300733495,0.0,2.444987775061125,4.88997555012225,0.0,12.224938875305625,0.0,2.444987775061125,0.0,0.0,0.0,0.0,0.0,0.0,14.669926650366747,83.12958435207824,44.00977995110025,17.114914425427873,39.119804400978,0.5307125307125307,4.687960687960688,0.0,2.444987775061125,0.0,0.0,7.334963325183374,0.0,0.0,9.7799511002445,2.444987775061125,2.444987775061125,4.88997555012225,22.004889975550125,0.0,4.88997555012225,2.444987775061125,0.0,0.0,0.0,0.0,29.339853300733495,22.004889975550125,4.88997555012225,4.88997555012225
216635,80.09708737864078,4.854368932038835,7.281553398058253,7.281553398058253,0.0,89.80582524271844,7.281553398058253,26.699029126213592,7.281553398058253,0.0,2.4271844660194173,0.0,12.135922330097086,31.553398058252426,2.4271844660194173,186.89320388349515,4.854368932038835,2.4271844660194173,12.135922330097086,0.0,0.0,0.0,0.0,16.990291262135923,4.854368932038835,2.4271844660194173,0.0,0.0,9.70873786407767,0.0,0.0,0.0,0.0,0.0,0.0,2.4271844660194173,4.854368932038835,7.281553398058253,118.93203883495146,26.699029126213592,7.281553398058253,38.83495145631068,0.5394088669950738,4.364532019704433,2.4271844660194173,4.854368932038835,0.0,2.4271844660194173,2.4271844660194173,0.0,0.0,9.70873786407767,0.0,7.281553398058253,4.854368932038835,36.40776699029126,2.4271844660194173,9.70873786407767,9.70873786407767,2.4271844660194173,0.0,0.0,2.4271844660194173,12.135922330097086,19.41747572815534,0.0,9.70873786407767
216869,95.35452322738386,2.444987775061125,7.334963325183374,4.88997555012225,0.0,0.0,4.88997555012225,34.229828850855746,7.334963325183374,2.444987775061125,7.334963325183374,0.0,2.444987775061125,12.224938875305625,0.0,286.0635696821516,4.88997555012225,0.0,31.78484107579462,0.0,0.0,0.0,0.0,14.669926650366747,2.444987775061125,0.0,2.444987775061125,0.0,2.444987775061125,0.0,0.0,0.0,0.0,0.0,0.0,0.0,0.0,24.44987775061125,102.68948655256723,53.78973105134474,12.224938875305625,24.44987775061125,0.5150753768844221,4.6457286432160805,0.0,0.0,0.0,2.444987775061125,4.88997555012225,0.0,0.0,0.0,0.0,7.334963325183374,9.7799511002445,2.444987775061125,2.444987775061125,0.0,0.0,0.0,0.0,0.0,2.444987775061125,26.89486552567237,19.559902200489,0.0,2.444987775061125
217489,101.99004975124377,9.950248756218905,2.487562189054726,2.487562189054726,0.0,54.72636815920398,2.487562189054726,52.23880597014925,4.975124378109452,0.0,2.487562189054726,4.975124378109452,14.925373134328359,7.462686567164179,2.487562189054726,191.5422885572139,0.0,2.487562189054726,22.388059701492537,0.0,4.975124378109452,0.0,0.0,27.36318407960199,4.975124378109452,0.0,0.0,0.0,0.0,0.0,0.0,2.487562189054726,0.0,0.0,0.0,0.0,2.487562189054726,12.437810945273633,84.5771144278607,29.850746268656717,7.462686567164179,67.16417910447761,0.4884910485933504,4.291560102301791,0.0,0.0,0.0,0.0,9.950248756218905,0.0,2.487562189054726,9.950248756218905,0.0,4.975124378109452,0.0,24.875621890547265,0.0,2.487562189054726,17.412935323383085,0.0,0.0,0.0,4.975124378109452,12.437810945273633,19.90049751243781,2.487562189054726,14.925373134328359
217648,108.95883777239709,14.527845036319613,0.0,19.37046004842615,2.4213075060532687,0.0,0.0,108.95883777239709,2.4213075060532687,0.0,7.263922518159807,2.4213075060532687,4.842615012106537,4.842615012106537,0.0,242.13075060532688,0.0,0.0,16.949152542372882,2.4213075060532687,2.4213075060532687,0.0,2.4213075060532687,21.791767554479417,16.949152542372882,2.4213075060532687,0.0,0.0,0.0,0.0,0.0,0.0,0.0,0.0,0.0,0.0,0.0,12.106537530266344,111.38014527845036,31.476997578692497,0.0,33.898305084745765,0.5356265356265356,4.407862407862408,0.0,2.4213075060532687,0.0,2.4213075060532687,0.0,2.4213075060532687,2.4213075060532687,0.0,0.0,0.0,0.0,24.213075060532688,2.4213075060532687,0.0,4.842615012106537,2.4213075060532687,0.0,0.0,0.0,4.842615012106537,16.949152542372882,0.0,4.842615012106537
218561,82.74231678486997,4.7281323877068555,7.092198581560283,2.3640661938534278,0.0,73.28605200945626,2.3640661938534278,7.092198581560283,7.092198581560283,0.0,0.0,0.0,14.184397163120567,16.548463356973993,2.3640661938534278,260.04728132387703,11.82033096926714,2.3640661938534278,21.27659574468085,0.0,0.0,0.0,0.0,23.64066193853428,9.456264775413711,0.0,0.0,0.0,4.7281323877068555,0.0,2.3640661938534278,0.0,0.0,0.0,0.0,0.0,0.0,16.548463356973993,89.83451536643027,40.189125295508276,4.7281323877068555,30.73286052009456,0.5298329355608592,4.324582338902148,0.0,0.0,0.0,0.0,0.0,0.0,0.0,2.3640661938534278,2.3640661938534278,2.3640661938534278,7.092198581560283,21.27659574468085,2.3640661938534278,7.092198581560283,0.0,2.3640661938534278,2.3640661938534278,0.0,2.3640661938534278,9.456264775413711,18.912529550827422,0.0,0.0
219089,106.96517412935323,0.0,0.0,0.0,0.0,0.0,0.0,4.975124378109452,14.925373134328359,4.975124378109452,0.0,0.0,9.950248756218905,22.388059701492537,14.925373134328359,236.318407960199,7.462686567164179,0.0,42.28855721393035,22.388059701492537,17.412935323383085,0.0,0.0,0.0,9.950248756218905,0.0,0.0,0.0,2.487562189054726,0.0,0.0,0.0,0.0,7.462686567164179,0.0,0.0,0.0,0.0,92.03980099502488,27.36318407960199,7.462686567164179,49.75124378109453,0.3482587064676617,4.689054726368159,7.462686567164179,2.487562189054726,0.0,0.0,0.0,0.0,0.0,0.0,0.0,9.950248756218905,19.90049751243781,12.437810945273633,0.0,0.0,0.0,0.0,0.0,0.0,2.487562189054726,42.28855721393035,69.65174129353234,0.0,4.975124378109452
222010,109.22330097087378,0.0,0.0,4.854368932038835,0.0,0.0,0.0,16.990291262135923,9.70873786407767,0.0,0.0,0.0,33.980582524271846,7.281553398058253,2.4271844660194173,266.99029126213594,21.844660194174757,0.0,21.844660194174757,4.854368932038835,9.70873786407767,0.0,0.0,19.41747572815534,0.0,0.0,2.4271844660194173,0.0,2.4271844660194173,0.0,24.271844660194173,0.0,0.0,7.281553398058253,0.0,0.0,0.0,9.70873786407767,111.6504854368932,58.25242718446602,7.281553398058253,24.271844660194173,0.4348894348894349,5.03931203931204,4.854368932038835,0.0,0.0,0.0,0.0,0.0,7.281553398058253,0.0,2.4271844660194173,0.0,7.281553398058253,16.990291262135923,4.854368932038835,0.0,0.0,0.0,0.0,0.0,7.281553398058253,7.281553398058253,2.4271844660194173,0.0,2.4271844660194173
222998,73.52941176470588,4.901960784313726,7.352941176470588,12.254901960784313,0.0,98.0392156862745,9.803921568627452,2.450980392156863,9.803921568627452,2.450980392156863,0.0,0.0,9.803921568627452,4.901960784313726,4.901960784313726,227.94117647058823,0.0,0.0,12.254901960784313,0.0,0.0,0.0,0.0,12.254901960784313,12.254901960784313,0.0,0.0,2.450980392156863,0.0,0.0,0.0,0.0,0.0,0.0,0.0,0.0,2.450980392156863,14.705882352941176,110.29411764705883,75.98039215686273,7.352941176470588,34.313725490196084,0.5944584382871536,4.408060453400504,0.0,0.0,4.901960784313726,4.901960784313726,4.901960784313726,0.0,4.901960784313726,4.901960784313726,0.0,2.450980392156863,2.450980392156863,19.607843137254903,0.0,0.0,14.705882352941176,2.450980392156863,2.450980392156863,0.0,0.0,7.352941176470588,12.254901960784313,0.0,4.901960784313726
22403,99.00990099009901,17.32673267326733,9.900990099009901,0.0,0.0,4.9504950495049505,4.9504950495049505,84.15841584158416,4.9504950495049505,12.376237623762377,4.9504950495049505,0.0,17.32673267326733,7.425742574257425,0.0,232.67326732673268,4.9504950495049505,12.376237623762377,22.277227722772277,0.0,2.4752475247524752,0.0,0.0,24.752475247524753,9.900990099009901,0.0,0.0,0.0,2.4752475247524752,0.0,7.425742574257425,0.0,0.0,0.0,0.0,0.0,0.0,9.900990099009901,69.30693069306932,56.93069306930693,4.9504950495049505,42.07920792079208,0.5601023017902813,4.549872122762149,0.0,0.0,0.0,0.0,2.4752475247524752,0.0,0.0,7.425742574257425,2.4752475247524752,0.0,0.0,17.32673267326733,2.4752475247524752,7.425742574257425,12.376237623762377,0.0,0.0,0.0,2.4752475247524752,9.900990099009901,17.32673267326733,0.0,9.900990099009901
22533,78.62407862407862,7.371007371007371,31.94103194103194,4.914004914004914,2.457002457002457,85.995085995086,4.914004914004914,19.656019656019655,12.285012285012284,9.828009828009828,4.914004914004914,0.0,12.285012285012284,7.371007371007371,0.0,179.36117936117938,4.914004914004914,2.457002457002457,39.31203931203931,2.457002457002457,0.0,2.457002457002457,0.0,29.484029484029485,7.371007371007371,2.457002457002457,0.0,0.0,2.457002457002457,0.0,2.457002457002457,0.0,0.0,0.0,0.0,0.0,7.371007371007371,17.1990171990172,73.71007371007371,29.484029484029485,14.742014742014742,61.42506142506143,0.6147959183673469,4.301020408163265,0.0,7.371007371007371,2.457002457002457,0.0,4.914004914004914,0.0,0.0,9.828009828009828,0.0,7.371007371007371,12.285012285012284,19.656019656019655,0.0,2.457002457002457,31.94103194103194,2.457002457002457,4.914004914004914,0.0,0.0,2.457002457002457,9.828009828009828,2.457002457002457,12.285012285012284
225730,125.61576354679804,19.704433497536947,39.40886699507389,9.852216748768473,0.0,110.83743842364532,27.093596059113302,34.48275862068965,12.315270935960593,2.4630541871921183,4.926108374384237,4.926108374384237,34.48275862068965,17.241379310344826,4.926108374384237,147.78325123152712,4.926108374384237,0.0,32.01970443349754,2.4630541871921183,0.0,0.0,0.0,17.241379310344826,9.852216748768473,2.4630541871921183,0.0,0.0,4.926108374384237,2.4630541871921183,7.389162561576354,0.0,0.0,0.0,0.0,0.0,2.4630541871921183,7.389162561576354,68.9655172413793,19.704433497536947,7.389162561576354,68.9655172413793,0.4949238578680203,3.9086294416243654,4.926108374384237,2.4630541871921183,0.0,0.0,7.389162561576354,0.0,0.0,0.0,0.0,0.0,12.315270935960593,39.40886699507389,7.389162561576354,4.926108374384237,24.630541871921185,2.4630541871921183,0.0,0.0,7.389162561576354,9.852216748768473,29.556650246305416,7.389162561576354,19.704433497536947
22575,60.67961165048544,2.4271844660194173,2.4271844660194173,0.0,0.0,0.0,0.0,12.135922330097086,4.854368932038835,2.4271844660194173,0.0,0.0,36.40776699029126,31.553398058252426,0.0,259.70873786407765,7.281553398058253,2.4271844660194173,19.41747572815534,2.4271844660194173,4.854368932038835,0.0,0.0,9.70873786407767,9.70873786407767,0.0,9.70873786407767,0.0,26.699029126213592,0.0,4.854368932038835,0.0,0.0,4.854368932038835,0.0,0.0,0.0,2.4271844660194173,109.22330097087378,106.79611650485437,0.0,21.844660194174757,0.5158150851581509,5.4939172749391725,0.0,0.0,0.0,0.0,9.70873786407767,0.0,9.70873786407767,19.41747572815534,0.0,0.0,2.4271844660194173,4.854368932038835,4.854368932038835,0.0,0.0,0.0,0.0,0.0,0.0,29.12621359223301,9.70873786407767,0.0,7.281553398058253
226331,96.85230024213075,4.842615012106537,7.263922518159807,9.685230024213075,2.4213075060532687,9.685230024213075,4.842615012106537,99.27360774818402,12.106537530266344,0.0,4.842615012106537,2.4213075060532687,19.37046004842615,2.4213075060532687,7.263922518159807,191.28329297820824,16.949152542372882,2.4213075060532687,21.791767554479417,0.0,0.0,0.0,0.0,16.949152542372882,7.263922518159807,0.0,0.0,4.842615012106537,4.842615012106537,0.0,9.685230024213075,0.0,0.0,0.0,0.0,0.0,0.0,14.527845036319613,96.85230024213075,38.7409200968523,2.4213075060532687,50.84745762711865,0.5490196078431373,4.2745098039215685,0.0,2.4213075060532687,0.0,0.0,9.685230024213075,0.0,0.0,4.842615012106537,2.4213075060532687,14.527845036319613,2.4213075060532687,26.634382566585955,0.0,2.4213075060532687,9.685230024213075,0.0,0.0,0.0,2.4213075060532687,7.263922518159807,16.949152542372882,2.4213075060532687,9.685230024213075
227339,111.38613861386139,19.801980198019802,0.0,12.376237623762377,2.4752475247524752,0.0,0.0,89.10891089108911,9.900990099009901,2.4752475247524752,4.9504950495049505,0.0,9.900990099009901,7.425742574257425,7.425742574257425,198.01980198019803,9.900990099009901,2.4752475247524752,14.85148514851485,0.0,9.900990099009901,0.0,2.4752475247524752,22.277227722772277,12.376237623762377,2.4752475247524752,0.0,0.0,2.4752475247524752,2.4752475247524752,0.0,0.0,0.0,0.0,0.0,0.0,4.9504950495049505,17.32673267326733,101.48514851485149,32.17821782178218,4.9504950495049505,42.07920792079208,0.4913151364764268,4.4367245657568235,0.0,0.0,0.0,0.0,2.4752475247524752,0.0,4.9504950495049505,0.0,0.0,0.0,0.0,37.12871287128713,27.22772277227723,7.425742574257425,2.4752475247524752,9.900990099009901,2.4752475247524752,0.0,4.9504950495049505,12.376237623762377,9.900990099009901,0.0,2.4752475247524752
228016,91.13300492610837,4.926108374384237,0.0,7.389162561576354,2.4630541871921183,46.79802955665024,0.0,14.778325123152708,17.241379310344826,2.4630541871921183,4.926108374384237,0.0,4.926108374384237,12.315270935960593,17.241379310344826,224.13793103448276,4.926108374384237,2.4630541871921183,12.315270935960593,0.0,7.389162561576354,0.0,0.0,14.778325123152708,14.778325123152708,0.0,0.0,2.4630541871921183,4.926108374384237,0.0,0.0,0.0,0.0,0.0,0.0,0.0,7.389162561576354,14.778325123152708,135.4679802955665,61.576354679802954,4.926108374384237,34.48275862068965,0.508641975308642,4.5358024691358025,2.4630541871921183,0.0,0.0,2.4630541871921183,12.315270935960593,0.0,0.0,0.0,0.0,0.0,2.4630541871921183,19.704433497536947,2.4630541871921183,0.0,0.0,2.4630541871921183,0.0,0.0,0.0,4.926108374384237,12.315270935960593,0.0,2.4630541871921183
233043,129.90196078431373,17.156862745098042,0.0,4.901960784313726,0.0,127.45098039215685,0.0,4.901960784313726,19.607843137254903,0.0,9.803921568627452,0.0,9.803921568627452,4.901960784313726,2.450980392156863,171.5686274509804,2.450980392156863,0.0,34.313725490196084,0.0,2.450980392156863,0.0,0.0,14.705882352941176,9.803921568627452,0.0,0.0,2.450980392156863,4.901960784313726,0.0,0.0,0.0,0.0,0.0,0.0,0.0,0.0,22.058823529411764,85.7843137254902,24.509803921568626,22.058823529411764,51.470588235294116,0.48641975308641977,3.9703703703703703,0.0,7.352941176470588,4.901960784313726,0.0,7.352941176470588,0.0,2.450980392156863,9.803921568627452,0.0,0.0,4.901960784313726,36.76470588235294,0.0,0.0,7.352941176470588,2.450980392156863,0.0,0.0,4.901960784313726,7.352941176470588,26.96078431372549,0.0,7.352941176470588
23708,22.332506203473944,19.851116625310173,54.59057071960298,7.444168734491315,0.0,84.36724565756825,0.0,2.4813895781637716,4.962779156327543,0.0,0.0,0.0,9.925558312655086,9.925558312655086,2.4813895781637716,267.99007444168734,4.962779156327543,0.0,17.3697270471464,0.0,2.4813895781637716,0.0,0.0,7.444168734491315,12.40694789081886,2.4813895781637716,2.4813895781637716,0.0,7.444168734491315,0.0,2.4813895781637716,0.0,0.0,0.0,0.0,0.0,0.0,2.4813895781637716,124.06947890818859,47.146401985111666,2.4813895781637716,14.88833746898263,0.5280612244897959,4.311224489795919,0.0,2.4813895781637716,0.0,0.0,4.962779156327543,0.0,4.962779156327543,0.0,0.0,0.0,0.0,24.81389578163772,2.4813895781637716,2.4813895781637716,27.29528535980149,0.0,0.0,0.0,2.4813895781637716,29.77667493796526,24.81389578163772,0.0,2.4813895781637716
239876,93.36609336609337,17.1990171990172,17.1990171990172,4.914004914004914,2.457002457002457,93.36609336609337,12.285012285012284,19.656019656019655,9.828009828009828,4.914004914004914,14.742014742014742,4.914004914004914,17.1990171990172,4.914004914004914,0.0,167.07616707616708,7.371007371007371,2.457002457002457,19.656019656019655,2.457002457002457,0.0,0.0,0.0,31.94103194103194,4.914004914004914,0.0,0.0,0.0,2.457002457002457,0.0,2.457002457002457,0.0,0.0,0.0,0.0,2.457002457002457,4.914004914004914,7.371007371007371,76.16707616707617,36.85503685503686,7.371007371007371,56.511056511056516,0.5417721518987342,3.8632911392405065,0.0,2.457002457002457,2.457002457002457,0.0,12.285012285012284,0.0,0.0,9.828009828009828,0.0,9.828009828009828,9.828009828009828,27.027027027027028,4.914004914004914,2.457002457002457,19.656019656019655,2.457002457002457,2.457002457002457,0.0,2.457002457002457,4.914004914004914,19.656019656019655,0.0,12.285012285012284
240056,84.15841584158416,14.85148514851485,22.277227722772277,7.425742574257425,0.0,99.00990099009901,12.376237623762377,9.900990099009901,22.277227722772277,0.0,9.900990099009901,2.4752475247524752,17.32673267326733,9.900990099009901,2.4752475247524752,185.64356435643563,7.425742574257425,2.4752475247524752,24.752475247524753,0.0,2.4752475247524752,0.0,2.4752475247524752,37.12871287128713,2.4752475247524752,2.4752475247524752,0.0,2.4752475247524752,4.9504950495049505,0.0,0.0,0.0,0.0,0.0,0.0,0.0,4.9504950495049505,9.900990099009901,71.78217821782178,32.17821782178218,7.425742574257425,76.73267326732673,0.5615384615384615,4.1692307692307695,0.0,2.4752475247524752,4.9504950495049505,0.0,9.900990099009901,0.0,2.4752475247524752,2.4752475247524752,4.9504950495049505,17.32673267326733,0.0,37.12871287128713,2.4752475247524752,4.9504950495049505,32.17821782178218,0.0,0.0,0.0,2.4752475247524752,12.376237623762377,19.801980198019802,7.425742574257425,14.85148514851485
241356,87.06467661691543,17.412935323383085,34.82587064676617,2.487562189054726,2.487562189054726,7.462686567164179,19.90049751243781,39.80099502487562,17.412935323383085,0.0,12.437810945273633,2.487562189054726,27.36318407960199,9.950248756218905,0.0,196.51741293532336,9.950248756218905,0.0,39.80099502487562,2.487562189054726,2.487562189054726,0.0,2.487562189054726,37.31343283582089,4.975124378109452,0.0,0.0,0.0,0.0,0.0,0.0,0.0,0.0,0.0,0.0,0.0,7.462686567164179,14.925373134328359,69.65174129353234,39.80099502487562,2.487562189054726,62.18905472636816,0.5102564102564102,4.412820512820513,2.487562189054726,2.487562189054726,2.487562189054726,2.487562189054726,9.950248756218905,0.0,4.975124378109452,4.975124378109452,0.0,4.975124378109452,7.462686567164179,14.925373134328359,7.462686567164179,0.0,17.412935323383085,0.0,2.487562189054726,0.0,4.975124378109452,2.487562189054726,12.437810945273633,0.0,17.412935323383085
242164,85.7843137254902,2.450980392156863,0.0,19.607843137254903,17.156862745098042,0.0,0.0,78.43137254901961,14.705882352941176,0.0,4.901960784313726,0.0,4.901960784313726,14.705882352941176,0.0,220.58823529411765,2.450980392156863,0.0,17.156862745098042,0.0,0.0,0.0,0.0,22.058823529411764,7.352941176470588,4.901960784313726,0.0,0.0,4.901960784313726,0.0,0.0,0.0,0.0,0.0,0.0,0.0,2.450980392156863,12.254901960784313,112.74509803921569,44.11764705882353,7.352941176470588,51.470588235294116,0.5012285012285013,4.385749385749386,0.0,0.0,0.0,0.0,9.803921568627452,4.901960784313726,2.450980392156863,0.0,0.0,7.352941176470588,0.0,24.509803921568626,2.450980392156863,4.901960784313726,0.0,0.0,0.0,0.0,0.0,17.156862745098042,12.254901960784313,0.0,0.0
244067,29.484029484029485,7.371007371007371,54.054054054054056,2.457002457002457,0.0,63.88206388206388,2.457002457002457,4.914004914004914,14.742014742014742,0.0,0.0,4.914004914004914,19.656019656019655,14.742014742014742,2.457002457002457,245.70024570024572,12.285012285012284,0.0,22.11302211302211,0.0,0.0,0.0,0.0,7.371007371007371,7.371007371007371,0.0,0.0,4.914004914004914,14.742014742014742,0.0,0.0,0.0,0.0,0.0,0.0,2.457002457002457,0.0,2.457002457002457,95.82309582309583,90.9090909090909,2.457002457002457,34.3980343980344,0.6025,4.7675,2.457002457002457,0.0,0.0,0.0,4.914004914004914,0.0,0.0,9.828009828009828,0.0,0.0,7.371007371007371,9.828009828009828,0.0,2.457002457002457,7.371007371007371,0.0,2.457002457002457,0.0,0.0,7.371007371007371,17.1990171990172,9.828009828009828,7.371007371007371
244404,104.21836228287842,12.40694789081886,9.925558312655086,4.962779156327543,2.4813895781637716,14.88833746898263,9.925558312655086,66.99751861042184,4.962779156327543,4.962779156327543,7.444168734491315,2.4813895781637716,27.29528535980149,7.444168734491315,4.962779156327543,188.58560794044666,24.81389578163772,2.4813895781637716,24.81389578163772,0.0,4.962779156327543,0.0,0.0,32.25806451612903,2.4813895781637716,0.0,0.0,0.0,4.962779156327543,2.4813895781637716,0.0,0.0,0.0,2.4813895781637716,0.0,0.0,0.0,12.40694789081886,101.73697270471465,34.7394540942928,0.0,57.07196029776674,0.5227272727272727,4.191919191919192,0.0,9.925558312655086,0.0,4.962779156327543,14.88833746898263,2.4813895781637716,0.0,12.40694789081886,0.0,0.0,7.444168734491315,22.332506203473944,7.444168734491315,4.962779156327543,7.444168734491315,0.0,9.925558312655086,0.0,4.962779156327543,9.925558312655086,14.88833746898263,0.0,7.444168734491315
250426,81.68316831683168,7.425742574257425,32.17821782178218,9.900990099009901,2.4752475247524752,108.91089108910892,19.801980198019802,12.376237623762377,14.85148514851485,4.9504950495049505,0.0,0.0,12.376237623762377,2.4752475247524752,0.0,155.94059405940595,0.0,0.0,32.17821782178218,4.9504950495049505,0.0,0.0,0.0,32.17821782178218,12.376237623762377,0.0,0.0,2.4752475247524752,0.0,0.0,0.0,0.0,0.0,0.0,0.0,0.0,2.4752475247524752,9.900990099009901,96.53465346534654,32.17821782178218,9.900990099009901,54.45544554455446,0.5515463917525774,3.8376288659793816,0.0,4.9504950495049505,0.0,0.0,4.9504950495049505,0.0,2.4752475247524752,9.900990099009901,0.0,12.376237623762377,7.425742574257425,14.85148514851485,7.425742574257425,4.9504950495049505,34.65346534653466,7.425742574257425,0.0,0.0,2.4752475247524752,4.9504950495049505,14.85148514851485,0.0,2.4752475247524752
250845,107.84313725490196,14.705882352941176,0.0,9.803921568627452,4.901960784313726,53.92156862745098,0.0,22.058823529411764,26.96078431372549,0.0,2.450980392156863,0.0,26.96078431372549,19.607843137254903,4.901960784313726,208.33333333333334,0.0,0.0,49.01960784313725,0.0,0.0,0.0,0.0,12.254901960784313,0.0,0.0,0.0,0.0,7.352941176470588,0.0,7.352941176470588,0.0,0.0,0.0,0.0,0.0,0.0,4.901960784313726,102.94117647058823,75.98039215686273,4.901960784313726,31.862745098039213,0.48514851485148514,4.086633663366337,0.0,7.352941176470588,0.0,0.0,2.450980392156863,0.0,0.0,0.0,0.0,4.901960784313726,4.901960784313726,14.705882352941176,0.0,2.450980392156863,2.450980392156863,0.0,2.450980392156863,0.0,0.0,14.705882352941176,22.058823529411764,0.0,2.450980392156863
252372,124.39024390243902,41.463414634146346,4.878048780487805,4.878048780487805,0.0,7.317073170731708,4.878048780487805,134.14634146341464,12.195121951219512,0.0,0.0,0.0,9.75609756097561,4.878048780487805,0.0,217.0731707317073,4.878048780487805,0.0,24.390243902439025,0.0,0.0,0.0,0.0,2.4390243902439024,4.878048780487805,0.0,0.0,0.0,2.4390243902439024,0.0,0.0,0.0,0.0,2.4390243902439024,0.0,0.0,0.0,17.073170731707318,107.3170731707317,36.58536585365854,7.317073170731708,41.463414634146346,0.49257425742574257,4.034653465346534,0.0,2.4390243902439024,0.0,0.0,2.4390243902439024,0.0,0.0,2.4390243902439024,0.0,0.0,14.634146341463415,14.634146341463415,0.0,0.0,2.4390243902439024,2.4390243902439024,0.0,0.0,9.75609756097561,2.4390243902439024,14.634146341463415,0.0,0.0
252991,71.78217821782178,4.9504950495049505,2.4752475247524752,9.900990099009901,0.0,69.30693069306932,0.0,49.504950495049506,9.900990099009901,2.4752475247524752,4.9504950495049505,2.4752475247524752,14.85148514851485,2.4752475247524752,0.0,227.72277227722773,4.9504950495049505,0.0,17.32673267326733,0.0,0.0,0.0,0.0,27.22772277227723,14.85148514851485,0.0,0.0,0.0,7.425742574257425,0.0,0.0,0.0,0.0,0.0,0.0,0.0,0.0,7.425742574257425,108.91089108910892,44.554455445544555,2.4752475247524752,54.45544554455446,0.5227272727272727,4.376262626262626,2.4752475247524752,2.4752475247524752,0.0,0.0,9.900990099009901,0.0,2.4752475247524752,2.4752475247524752,0.0,14.85148514851485,0.0,14.85148514851485,4.9504950495049505,0.0,7.425742574257425,2.4752475247524752,0.0,0.0,0.0,14.85148514851485,19.801980198019802,0.0,9.900990099009901
253245,91.81141439205956,19.851116625310173,94.29280397022333,0.0,4.962779156327543,116.62531017369727,17.3697270471464,19.851116625310173,22.332506203473944,4.962779156327543,4.962779156327543,12.40694789081886,24.81389578163772,0.0,0.0,146.40198511166253,22.332506203473944,0.0,71.96029776674938,4.962779156327543,9.925558312655086,0.0,0.0,19.851116625310173,0.0,0.0,0.0,0.0,2.4813895781637716,0.0,7.444168734491315,0.0,0.0,0.0,0.0,0.0,0.0,7.444168734491315,79.40446650124069,32.25806451612903,29.77667493796526,69.4789081885856,0.4461942257217848,3.8188976377952755,0.0,0.0,0.0,0.0,4.962779156327543,0.0,0.0,0.0,0.0,4.962779156327543,7.444168734491315,32.25806451612903,14.88833746898263,7.444168734491315,54.59057071960298,0.0,2.4813895781637716,0.0,0.0,2.4813895781637716,32.25806451612903,0.0,24.81389578163772
254328,95.4653937947494,9.546539379474941,0.0,0.0,2.3866348448687353,0.0,0.0,31.026252983293556,19.093078758949883,0.0,7.159904534606206,0.0,0.0,9.546539379474941,21.479713603818613,238.6634844868735,9.546539379474941,0.0,26.252983293556085,0.0,2.3866348448687353,2.3866348448687353,0.0,16.706443914081145,9.546539379474941,0.0,2.3866348448687353,0.0,0.0,0.0,0.0,0.0,0.0,0.0,0.0,0.0,4.773269689737471,14.319809069212411,112.17183770883055,31.026252983293556,14.319809069212411,47.7326968973747,0.5458937198067633,4.739130434782608,0.0,0.0,0.0,4.773269689737471,7.159904534606206,0.0,0.0,0.0,0.0,4.773269689737471,4.773269689737471,7.159904534606206,2.3866348448687353,11.933174224343675,0.0,0.0,0.0,0.0,7.159904534606206,14.319809069212411,14.319809069212411,2.3866348448687353,2.3866348448687353
254509,76.92307692307693,16.826923076923077,2.403846153846154,0.0,2.403846153846154,4.807692307692308,0.0,38.46153846153847,4.807692307692308,0.0,0.0,0.0,14.423076923076923,24.03846153846154,0.0,317.30769230769226,12.01923076923077,2.403846153846154,14.423076923076923,0.0,0.0,0.0,0.0,7.211538461538462,7.211538461538462,2.403846153846154,0.0,0.0,4.807692307692308,0.0,2.403846153846154,0.0,2.403846153846154,0.0,0.0,0.0,0.0,16.826923076923077,120.1923076923077,57.69230769230769,7.211538461538462,19.230769230769234,0.5397590361445783,4.891566265060241,0.0,0.0,0.0,0.0,2.403846153846154,0.0,2.403846153846154,0.0,0.0,4.807692307692308,7.211538461538462,9.615384615384617,2.403846153846154,0.0,0.0,0.0,0.0,0.0,0.0,12.01923076923077,2.403846153846154,0.0,2.403846153846154
255053,100.49019607843138,17.156862745098042,0.0,7.352941176470588,7.352941176470588,95.58823529411764,0.0,9.803921568627452,9.803921568627452,2.450980392156863,9.803921568627452,0.0,12.254901960784313,4.901960784313726,4.901960784313726,213.23529411764704,2.450980392156863,0.0,22.058823529411764,2.450980392156863,4.901960784313726,0.0,0.0,17.156862745098042,14.705882352941176,0.0,0.0,0.0,4.901960784313726,0.0,0.0,0.0,0.0,0.0,0.0,0.0,2.450980392156863,17.156862745098042,100.49019607843138,46.568627450980394,0.0,71.07843137254902,0.5812807881773399,4.332512315270936,0.0,2.450980392156863,0.0,0.0,7.352941176470588,0.0,7.352941176470588,7.352941176470588,0.0,0.0,2.450980392156863,22.058823529411764,2.450980392156863,2.450980392156863,0.0,2.450980392156863,0.0,0.0,0.0,2.450980392156863,7.352941176470588,0.0,4.901960784313726
255438,70.2179176755448,21.791767554479417,2.4213075060532687,2.4213075060532687,0.0,0.0,7.263922518159807,43.583535108958834,26.634382566585955,0.0,0.0,2.4213075060532687,24.213075060532688,16.949152542372882,0.0,234.86682808716708,4.842615012106537,0.0,31.476997578692497,0.0,2.4213075060532687,0.0,0.0,14.527845036319613,2.4213075060532687,0.0,2.4213075060532687,0.0,14.527845036319613,0.0,0.0,0.0,2.4213075060532687,0.0,0.0,0.0,0.0,0.0,118.64406779661017,43.583535108958834,4.842615012106537,46.00484261501211,0.5147058823529411,4.4338235294117645,4.842615012106537,2.4213075060532687,0.0,2.4213075060532687,7.263922518159807,0.0,4.842615012106537,12.106537530266344,0.0,2.4213075060532687,0.0,19.37046004842615,2.4213075060532687,0.0,2.4213075060532687,2.4213075060532687,0.0,0.0,0.0,14.527845036319613,21.791767554479417,0.0,7.263922518159807
25988,79.60199004975124,32.33830845771144,22.388059701492537,4.975124378109452,4.975124378109452,2.487562189054726,7.462686567164179,89.55223880597015,9.950248756218905,2.487562189054726,0.0,2.487562189054726,9.950248756218905,12.437810945273633,7.462686567164179,246.2686567164179,0.0,0.0,12.437810945273633,0.0,7.462686567164179,0.0,0.0,19.90049751243781,2.487562189054726,0.0,0.0,0.0,0.0,0.0,7.462686567164179,0.0,0.0,0.0,0.0,0.0,0.0,7.462686567164179,92.03980099502488,34.82587064676617,2.487562189054726,54.72636815920398,0.5583756345177665,4.563451776649746,2.487562189054726,0.0,0.0,0.0,2.487562189054726,4.975124378109452,0.0,2.487562189054726,0.0,2.487562189054726,7.462686567164179,14.925373134328359,9.950248756218905,4.975124378109452,12.437810945273633,0.0,0.0,0.0,2.487562189054726,9.950248756218905,14.925373134328359,0.0,4.975124378109452
261525,63.88206388206388,9.828009828009828,0.0,2.457002457002457,0.0,0.0,0.0,130.2211302211302,7.371007371007371,0.0,4.914004914004914,0.0,4.914004914004914,14.742014742014742,2.457002457002457,213.75921375921376,2.457002457002457,0.0,29.484029484029485,0.0,0.0,0.0,0.0,24.570024570024568,7.371007371007371,0.0,0.0,0.0,2.457002457002457,0.0,0.0,0.0,0.0,0.0,0.0,0.0,0.0,19.656019656019655,90.9090909090909,41.76904176904177,7.371007371007371,44.22604422604422,0.5112781954887218,4.5363408521303255,0.0,0.0,0.0,0.0,7.371007371007371,0.0,2.457002457002457,2.457002457002457,0.0,29.484029484029485,0.0,9.828009828009828,7.371007371007371,0.0,4.914004914004914,0.0,0.0,0.0,9.828009828009828,24.570024570024568,27.027027027027028,0.0,4.914004914004914
26395,114.14392059553349,12.40694789081886,4.962779156327543,12.40694789081886,7.444168734491315,71.96029776674938,0.0,34.7394540942928,19.851116625310173,2.4813895781637716,7.444168734491315,0.0,12.40694789081886,9.925558312655086,0.0,141.43920595533498,0.0,0.0,17.3697270471464,0.0,2.4813895781637716,0.0,9.925558312655086,37.220843672456574,9.925558312655086,0.0,0.0,2.4813895781637716,0.0,0.0,0.0,0.0,0.0,0.0,0.0,0.0,7.444168734491315,9.925558312655086,91.81141439205956,27.29528535980149,7.444168734491315,66.99751861042184,0.49373433583959897,4.325814536340852,0.0,4.962779156327543,4.962779156327543,0.0,7.444168734491315,0.0,2.4813895781637716,2.4813895781637716,0.0,0.0,7.444168734491315,24.81389578163772,2.4813895781637716,2.4813895781637716,7.444168734491315,0.0,2.4813895781637716,0.0,4.962779156327543,19.851116625310173,32.25806451612903,2.4813895781637716,4.962779156327543
264894,95.35452322738386,26.89486552567237,14.669926650366747,0.0,0.0,12.224938875305625,9.7799511002445,80.68459657701712,4.88997555012225,2.444987775061125,7.334963325183374,0.0,19.559902200489,19.559902200489,0.0,205.37897310513446,4.88997555012225,0.0,36.674816625916876,0.0,2.444987775061125,0.0,0.0,14.669926650366747,2.444987775061125,0.0,0.0,0.0,2.444987775061125,0.0,4.88997555012225,0.0,0.0,0.0,0.0,0.0,0.0,14.669926650366747,97.799511002445,48.8997555012225,4.88997555012225,51.344743276283616,0.5461346633416458,4.206982543640898,0.0,2.444987775061125,0.0,2.444987775061125,2.444987775061125,0.0,0.0,7.334963325183374,0.0,4.88997555012225,7.334963325183374,22.004889975550125,0.0,2.444987775061125,4.88997555012225,0.0,2.444987775061125,0.0,4.88997555012225,4.88997555012225,12.224938875305625,0.0,7.334963325183374
266238,69.4789081885856,22.332506203473944,17.3697270471464,12.40694789081886,0.0,17.3697270471464,0.0,27.29528535980149,2.4813895781637716,0.0,4.962779156327543,2.4813895781637716,9.925558312655086,19.851116625310173,2.4813895781637716,255.5831265508685,7.444168734491315,0.0,19.851116625310173,0.0,2.4813895781637716,0.0,0.0,19.851116625310173,0.0,0.0,0.0,4.962779156327543,4.962779156327543,0.0,0.0,0.0,0.0,2.4813895781637716,0.0,0.0,0.0,4.962779156327543,109.18114143920596,64.51612903225806,7.444168734491315,47.146401985111666,0.5894206549118388,4.785894206549118,2.4813895781637716,4.962779156327543,0.0,0.0,7.444168734491315,0.0,0.0,0.0,0.0,9.925558312655086,12.40694789081886,14.88833746898263,0.0,4.962779156327543,4.962779156327543,0.0,2.4813895781637716,2.4813895781637716,2.4813895781637716,9.925558312655086,7.444168734491315,0.0,7.444168734491315
266437,124.06947890818859,4.962779156327543,2.4813895781637716,7.444168734491315,2.4813895781637716,0.0,0.0,101.73697270471465,27.29528535980149,0.0,4.962779156327543,0.0,7.444168734491315,4.962779156327543,4.962779156327543,186.1042183622829,12.40694789081886,0.0,39.702233250620345,4.962779156327543,0.0,0.0,2.4813895781637716,24.81389578163772,12.40694789081886,2.4813895781637716,0.0,0.0,0.0,0.0,0.0,0.0,0.0,0.0,0.0,0.0,2.4813895781637716,12.40694789081886,81.88585607940446,44.66501240694789,7.444168734491315,66.99751861042184,0.4913151364764268,4.20347394540943,0.0,9.925558312655086,0.0,0.0,0.0,0.0,2.4813895781637716,0.0,0.0,0.0,2.4813895781637716,22.332506203473944,0.0,4.962779156327543,0.0,0.0,0.0,0.0,2.4813895781637716,19.851116625310173,34.7394540942928,12.40694789081886,0.0
26749,80.37825059101655,7.092198581560283,0.0,2.3640661938534278,11.82033096926714,0.0,0.0,2.3640661938534278,7.092198581560283,0.0,0.0,0.0,9.456264775413711,30.73286052009456,7.092198581560283,321.5130023640662,11.82033096926714,2.3640661938534278,14.184397163120567,0.0,0.0,0.0,0.0,7.092198581560283,7.092198581560283,0.0,0.0,0.0,2.3640661938534278,0.0,0.0,0.0,0.0,4.7281323877068555,0.0,0.0,0.0,11.82033096926714,125.29550827423166,94.56264775413712,2.3640661938534278,44.917257683215134,0.5857142857142857,5.35,0.0,0.0,0.0,0.0,4.7281323877068555,0.0,0.0,0.0,0.0,0.0,0.0,4.7281323877068555,0.0,0.0,0.0,0.0,0.0,0.0,4.7281323877068555,21.27659574468085,2.3640661938534278,0.0,0.0
267601,119.51219512195121,41.463414634146346,0.0,12.195121951219512,4.878048780487805,95.1219512195122,0.0,24.390243902439025,17.073170731707318,2.4390243902439024,2.4390243902439024,2.4390243902439024,21.95121951219512,7.317073170731708,0.0,153.65853658536585,2.4390243902439024,2.4390243902439024,31.70731707317073,0.0,2.4390243902439024,0.0,0.0,14.634146341463415,7.317073170731708,0.0,0.0,0.0,19.51219512195122,0.0,0.0,0.0,0.0,0.0,0.0,0.0,4.878048780487805,14.634146341463415,80.48780487804878,34.146341463414636,12.195121951219512,63.41463414634146,0.4925373134328358,4.08955223880597,0.0,2.4390243902439024,2.4390243902439024,0.0,9.75609756097561,0.0,2.4390243902439024,7.317073170731708,0.0,0.0,0.0,24.390243902439025,0.0,2.4390243902439024,2.4390243902439024,2.4390243902439024,0.0,0.0,0.0,21.95121951219512,24.390243902439025,0.0,2.4390243902439024
268817,123.7864077669903,0.0,0.0,7.281553398058253,0.0,0.0,67.96116504854369,87.37864077669903,16.990291262135923,0.0,9.70873786407767,0.0,31.553398058252426,7.281553398058253,4.854368932038835,150.48543689320388,0.0,0.0,72.81553398058252,0.0,4.854368932038835,0.0,0.0,4.854368932038835,0.0,0.0,0.0,0.0,7.281553398058253,0.0,14.563106796116505,0.0,2.4271844660194173,0.0,0.0,0.0,2.4271844660194173,16.990291262135923,111.6504854368932,19.41747572815534,21.844660194174757,43.689320388349515,0.3844282238442822,3.948905109489051,0.0,2.4271844660194173,12.135922330097086,0.0,12.135922330097086,0.0,0.0,26.699029126213592,0.0,4.854368932038835,2.4271844660194173,46.116504854368934,0.0,0.0,2.4271844660194173,0.0,2.4271844660194173,0.0,0.0,2.4271844660194173,21.844660194174757,0.0,7.281553398058253
269489,72.13930348258707,7.462686567164179,7.462686567164179,0.0,2.487562189054726,59.701492537313435,4.975124378109452,27.36318407960199,7.462686567164179,0.0,2.487562189054726,0.0,17.412935323383085,27.36318407960199,2.487562189054726,233.83084577114428,2.487562189054726,0.0,19.90049751243781,0.0,0.0,0.0,0.0,19.90049751243781,2.487562189054726,0.0,2.487562189054726,0.0,7.462686567164179,0.0,4.975124378109452,0.0,0.0,0.0,0.0,0.0,0.0,14.925373134328359,99.50248756218906,57.21393034825871,2.487562189054726,44.776119402985074,0.5653266331658291,4.560301507537688,2.487562189054726,4.975124378109452,0.0,2.487562189054726,0.0,0.0,2.487562189054726,9.950248756218905,2.487562189054726,7.462686567164179,0.0,14.925373134328359,0.0,4.975124378109452,2.487562189054726,2.487562189054726,0.0,0.0,2.487562189054726,4.975124378109452,7.462686567164179,0.0,4.975124378109452
269636,100.24449877750611,31.78484107579462,2.444987775061125,7.334963325183374,7.334963325183374,0.0,0.0,92.90953545232274,19.559902200489,0.0,4.88997555012225,2.444987775061125,14.669926650366747,9.7799511002445,2.444987775061125,220.0488997555012,7.334963325183374,2.444987775061125,22.004889975550125,0.0,7.334963325183374,0.0,2.444987775061125,14.669926650366747,12.224938875305625,0.0,4.88997555012225,0.0,12.224938875305625,0.0,0.0,0.0,0.0,0.0,0.0,0.0,0.0,12.224938875305625,102.68948655256723,51.344743276283616,2.444987775061125,48.8997555012225,0.5234567901234568,4.553086419753086,0.0,0.0,0.0,0.0,4.88997555012225,0.0,0.0,0.0,2.444987775061125,9.7799511002445,0.0,31.78484107579462,0.0,0.0,4.88997555012225,0.0,0.0,0.0,9.7799511002445,7.334963325183374,12.224938875305625,0.0,4.88997555012225
272745,59.11330049261083,9.852216748768473,86.20689655172414,2.4630541871921183,4.926108374384237,113.30049261083744,29.556650246305416,7.389162561576354,17.241379310344826,17.241379310344826,2.4630541871921183,0.0,17.241379310344826,19.704433497536947,0.0,135.4679802955665,4.926108374384237,0.0,44.33497536945813,0.0,9.852216748768473,0.0,2.4630541871921183,24.630541871921185,4.926108374384237,0.0,0.0,0.0,0.0,0.0,0.0,0.0,0.0,0.0,4.926108374384237,0.0,4.926108374384237,4.926108374384237,56.65024630541872,68.9655172413793,9.852216748768473,71.42857142857143,0.4909560723514212,4.0852713178294575,0.0,0.0,0.0,0.0,14.778325123152708,0.0,9.852216748768473,0.0,0.0,4.926108374384237,7.389162561576354,29.556650246305416,0.0,0.0,41.87192118226601,2.4630541871921183,0.0,0.0,4.926108374384237,2.4630541871921183,14.778325123152708,0.0,9.852216748768473
273359,73.17073170731707,2.4390243902439024,41.463414634146346,2.4390243902439024,0.0,53.65853658536585,4.878048780487805,36.58536585365854,14.634146341463415,2.4390243902439024,2.4390243902439024,0.0,9.75609756097561,9.75609756097561,0.0,197.5609756097561,0.0,0.0,24.390243902439025,7.317073170731708,4.878048780487805,0.0,0.0,17.073170731707318,2.4390243902439024,0.0,2.4390243902439024,2.4390243902439024,0.0,2.4390243902439024,0.0,0.0,0.0,0.0,0.0,0.0,0.0,14.634146341463415,80.48780487804878,48.78048780487805,4.878048780487805,43.90243902439024,0.5527638190954773,4.198492462311558,0.0,0.0,0.0,0.0,4.878048780487805,2.4390243902439024,2.4390243902439024,9.75609756097561,0.0,2.4390243902439024,9.75609756097561,21.95121951219512,7.317073170731708,2.4390243902439024,19.51219512195122,0.0,4.878048780487805,0.0,2.4390243902439024,4.878048780487805,24.390243902439025,0.0,12.195121951219512
273504,74.81296758104739,24.93765586034913,29.92518703241895,4.987531172069826,0.0,19.950124688279303,12.468827930174564,39.900249376558605,17.456359102244388,0.0,9.975062344139651,0.0,22.443890274314214,27.43142144638404,2.493765586034913,241.89526184538653,0.0,0.0,37.406483790523694,0.0,4.987531172069826,0.0,0.0,9.975062344139651,7.481296758104738,0.0,2.493765586034913,0.0,7.481296758104738,0.0,2.493765586034913,0.0,0.0,0.0,0.0,0.0,4.987531172069826,12.468827930174564,114.713216957606,49.87531172069826,12.468827930174564,54.86284289276808,0.5728643216080402,5.208542713567839,2.493765586034913,4.987531172069826,0.0,0.0,0.0,0.0,2.493765586034913,0.0,0.0,2.493765586034913,2.493765586034913,9.975062344139651,4.987531172069826,0.0,0.0,2.493765586034913,0.0,0.0,7.481296758104738,9.975062344139651,12.468827930174564,0.0,4.987531172069826
27374,104.4776119402985,2.487562189054726,12.437810945273633,9.950248756218905,2.487562189054726,82.08955223880596,4.975124378109452,37.31343283582089,7.462686567164179,0.0,12.437810945273633,2.487562189054726,29.850746268656717,2.487562189054726,0.0,186.56716417910448,9.950248756218905,0.0,14.925373134328359,4.975124378109452,2.487562189054726,2.487562189054726,0.0,17.412935323383085,24.875621890547265,0.0,2.487562189054726,0.0,9.950248756218905,0.0,2.487562189054726,2.487562189054726,0.0,0.0,0.0,0.0,2.487562189054726,19.90049751243781,101.99004975124377,42.28855721393035,7.462686567164179,32.33830845771144,0.5012722646310432,4.00763358778626,4.975124378109452,0.0,0.0,0.0,2.487562189054726,0.0,0.0,4.975124378109452,0.0,0.0,4.975124378109452,34.82587064676617,4.975124378109452,4.975124378109452,12.437810945273633,2.487562189054726,0.0,0.0,0.0,7.462686567164179,14.925373134328359,2.487562189054726,7.462686567164179
274746,7.371007371007371,9.828009828009828,122.85012285012286,7.371007371007371,9.828009828009828,130.2211302211302,12.285012285012284,0.0,31.94103194103194,0.0,19.656019656019655,0.0,24.570024570024568,9.828009828009828,2.457002457002457,171.990171990172,7.371007371007371,0.0,44.22604422604422,2.457002457002457,0.0,0.0,0.0,24.570024570024568,4.914004914004914,0.0,0.0,0.0,0.0,0.0,2.457002457002457,0.0,0.0,0.0,0.0,0.0,17.1990171990172,9.828009828009828,61.42506142506143,17.1990171990172,4.914004914004914,71.25307125307125,0.5025906735751295,3.9689119170984455,0.0,2.457002457002457,0.0,0.0,2.457002457002457,0.0,2.457002457002457,9.828009828009828,0.0,0.0,4.914004914004914,22.11302211302211,0.0,0.0,51.597051597051596,0.0,0.0,0.0,2.457002457002457,0.0,17.1990171990172,0.0,14.742014742014742
275893,96.0591133004926,7.389162561576354,0.0,19.704433497536947,7.389162561576354,81.2807881773399,0.0,2.4630541871921183,32.01970443349754,0.0,14.778325123152708,0.0,22.167487684729064,12.315270935960593,0.0,187.19211822660097,4.926108374384237,0.0,27.093596059113302,4.926108374384237,0.0,0.0,0.0,34.48275862068965,7.389162561576354,2.4630541871921183,0.0,0.0,22.167487684729064,0.0,0.0,0.0,0.0,0.0,0.0,0.0,0.0,9.852216748768473,91.13300492610837,41.87192118226601,4.926108374384237,66.50246305418719,0.5187032418952618,4.13715710723192,2.4630541871921183,0.0,0.0,0.0,12.315270935960593,2.4630541871921183,0.0,2.4630541871921183,0.0,2.4630541871921183,0.0,17.241379310344826,4.926108374384237,9.852216748768473,4.926108374384237,2.4630541871921183,2.4630541871921183,0.0,2.4630541871921183,4.926108374384237,17.241379310344826,7.389162561576354,4.926108374384237
276047,105.3921568627451,7.352941176470588,0.0,7.352941176470588,0.0,134.80392156862743,0.0,2.450980392156863,7.352941176470588,4.901960784313726,2.450980392156863,0.0,17.156862745098042,4.901960784313726,9.803921568627452,198.52941176470588,7.352941176470588,0.0,19.607843137254903,0.0,0.0,0.0,2.450980392156863,14.705882352941176,17.156862745098042,0.0,0.0,4.901960784313726,4.901960784313726,0.0,0.0,0.0,0.0,0.0,0.0,0.0,2.450980392156863,12.254901960784313,102.94117647058823,39.21568627450981,12.254901960784313,51.470588235294116,0.5036855036855037,4.00982800982801,2.450980392156863,0.0,0.0,0.0,0.0,0.0,7.352941176470588,2.450980392156863,0.0,2.450980392156863,0.0,22.058823529411764,2.450980392156863,2.450980392156863,2.450980392156863,2.450980392156863,0.0,0.0,0.0,9.803921568627452,22.058823529411764,4.901960784313726,2.450980392156863
276806,104.4776119402985,17.412935323383085,2.487562189054726,4.975124378109452,0.0,82.08955223880596,0.0,7.462686567164179,27.36318407960199,2.487562189054726,7.462686567164179,0.0,19.90049751243781,7.462686567164179,4.975124378109452,189.0547263681592,4.975124378109452,0.0,12.437810945273633,0.0,0.0,0.0,0.0,14.925373134328359,9.950248756218905,4.975124378109452,0.0,2.487562189054726,12.437810945273633,0.0,2.487562189054726,0.0,0.0,0.0,0.0,0.0,2.487562189054726,22.388059701492537,109.45273631840796,34.82587064676617,0.0,67.16417910447761,0.5768261964735516,4.1259445843828715,2.487562189054726,2.487562189054726,2.487562189054726,2.487562189054726,7.462686567164179,0.0,0.0,2.487562189054726,0.0,0.0,2.487562189054726,17.412935323383085,2.487562189054726,0.0,7.462686567164179,0.0,0.0,0.0,4.975124378109452,7.462686567164179,19.90049751243781,0.0,4.975124378109452
277076,84.13461538461539,12.01923076923077,14.423076923076923,0.0,0.0,7.211538461538462,9.615384615384617,57.69230769230769,9.615384615384617,0.0,0.0,0.0,4.807692307692308,21.634615384615383,4.807692307692308,209.1346153846154,12.01923076923077,2.403846153846154,12.01923076923077,0.0,9.615384615384617,0.0,0.0,38.46153846153847,0.0,0.0,2.403846153846154,0.0,2.403846153846154,0.0,0.0,0.0,0.0,2.403846153846154,0.0,0.0,0.0,7.211538461538462,93.75,55.28846153846153,2.403846153846154,38.46153846153847,0.5024509803921569,4.7181372549019605,2.403846153846154,0.0,0.0,0.0,2.403846153846154,0.0,0.0,7.211538461538462,0.0,2.403846153846154,12.01923076923077,14.423076923076923,0.0,0.0,7.211538461538462,0.0,0.0,0.0,0.0,14.423076923076923,21.634615384615383,0.0,9.615384615384617
278116,112.21945137157108,22.443890274314214,2.493765586034913,0.0,2.493765586034913,0.0,0.0,72.31920199501248,7.481296758104738,2.493765586034913,2.493765586034913,2.493765586034913,22.443890274314214,29.92518703241895,0.0,199.50124688279303,19.950124688279303,2.493765586034913,22.443890274314214,0.0,4.987531172069826,2.493765586034913,0.0,24.93765586034913,9.975062344139651,0.0,0.0,0.0,4.987531172069826,4.987531172069826,2.493765586034913,0.0,0.0,0.0,0.0,0.0,0.0,9.975062344139651,82.29426433915212,42.394014962593516,9.975062344139651,44.88778054862843,0.5202020202020202,4.598484848484849,4.987531172069826,4.987531172069826,0.0,2.493765586034913,0.0,0.0,0.0,2.493765586034913,0.0,0.0,0.0,29.92518703241895,7.481296758104738,0.0,2.493765586034913,0.0,0.0,0.0,9.975062344139651,9.975062344139651,17.456359102244388,0.0,0.0
278179,74.34052757793765,21.58273381294964,19.184652278177456,4.796163069544364,0.0,35.97122302158273,11.990407673860911,38.36930455635491,21.58273381294964,2.398081534772182,0.0,7.194244604316547,11.990407673860911,33.57314148681055,2.398081534772182,232.61390887290167,4.796163069544364,2.398081534772182,23.980815347721823,0.0,2.398081534772182,0.0,2.398081534772182,21.58273381294964,7.194244604316547,2.398081534772182,0.0,0.0,2.398081534772182,0.0,0.0,0.0,0.0,2.398081534772182,0.0,0.0,4.796163069544364,11.990407673860911,64.74820143884892,35.97122302158273,7.194244604316547,33.57314148681055,0.5497512437810945,4.7288557213930345,2.398081534772182,0.0,0.0,2.398081534772182,0.0,0.0,2.398081534772182,11.990407673860911,4.796163069544364,11.990407673860911,16.786570743405274,26.378896882494004,2.398081534772182,2.398081534772182,11.990407673860911,0.0,0.0,0.0,2.398081534772182,19.184652278177456,21.58273381294964,0.0,4.796163069544364
278930,105.01193317422434,0.0,9.546539379474941,7.159904534606206,0.0,54.89260143198091,2.3866348448687353,33.41288782816229,21.479713603818613,7.159904534606206,9.546539379474941,0.0,9.546539379474941,4.773269689737471,0.0,186.15751789976133,7.159904534606206,0.0,23.86634844868735,0.0,0.0,0.0,0.0,31.026252983293556,16.706443914081145,0.0,0.0,0.0,4.773269689737471,0.0,0.0,0.0,0.0,0.0,0.0,0.0,0.0,9.546539379474941,97.85202863961814,31.026252983293556,4.773269689737471,57.279236276849645,0.4855072463768116,4.038647342995169,2.3866348448687353,0.0,0.0,0.0,0.0,0.0,2.3866348448687353,4.773269689737471,0.0,2.3866348448687353,2.3866348448687353,28.639618138424822,0.0,2.3866348448687353,9.546539379474941,0.0,0.0,0.0,0.0,7.159904534606206,21.479713603818613,0.0,7.159904534606206
280068,95.4653937947494,4.773269689737471,0.0,7.159904534606206,0.0,0.0,0.0,35.79952267303103,21.479713603818613,0.0,4.773269689737471,0.0,19.093078758949883,19.093078758949883,2.3866348448687353,207.63723150357995,9.546539379474941,4.773269689737471,28.639618138424822,0.0,2.3866348448687353,0.0,0.0,23.86634844868735,9.546539379474941,0.0,0.0,0.0,7.159904534606206,0.0,4.773269689737471,0.0,0.0,0.0,0.0,0.0,2.3866348448687353,16.706443914081145,107.39856801909308,100.23866348448688,2.3866348448687353,38.186157517899765,0.5167464114832536,4.610047846889952,0.0,2.3866348448687353,0.0,2.3866348448687353,11.933174224343675,0.0,0.0,0.0,0.0,0.0,2.3866348448687353,11.933174224343675,4.773269689737471,7.159904534606206,0.0,0.0,0.0,0.0,2.3866348448687353,14.319809069212411,11.933174224343675,0.0,2.3866348448687353
284225,93.82716049382717,2.4691358024691357,27.160493827160494,4.938271604938271,0.0,29.62962962962963,12.345679012345679,111.1111111111111,9.876543209876543,0.0,7.407407407407407,0.0,9.876543209876543,7.407407407407407,2.4691358024691357,185.18518518518516,0.0,2.4691358024691357,27.160493827160494,0.0,4.938271604938271,0.0,0.0,14.814814814814815,14.814814814814815,0.0,0.0,0.0,2.4691358024691357,0.0,0.0,0.0,0.0,0.0,0.0,0.0,4.938271604938271,9.876543209876543,88.88888888888889,27.160493827160494,2.4691358024691357,66.66666666666667,0.537467700258398,4.149870801033591,7.407407407407407,2.4691358024691357,0.0,2.4691358024691357,7.407407407407407,0.0,0.0,0.0,0.0,2.4691358024691357,12.345679012345679,24.691358024691358,4.938271604938271,2.4691358024691357,22.22222222222222,2.4691358024691357,0.0,0.0,0.0,7.407407407407407,14.814814814814815,0.0,9.876543209876543
284710,78.81773399014779,4.926108374384237,9.852216748768473,9.852216748768473,0.0,96.0591133004926,0.0,4.926108374384237,12.315270935960593,0.0,4.926108374384237,0.0,12.315270935960593,17.241379310344826,2.4630541871921183,192.1182266009852,9.852216748768473,0.0,24.630541871921185,0.0,0.0,0.0,2.4630541871921183,22.167487684729064,7.389162561576354,7.389162561576354,4.926108374384237,0.0,7.389162561576354,0.0,0.0,0.0,0.0,0.0,0.0,0.0,7.389162561576354,14.778325123152708,105.91133004926108,39.40886699507389,9.852216748768473,49.26108374384237,0.54,4.4175,0.0,0.0,0.0,0.0,0.0,0.0,0.0,2.4630541871921183,0.0,4.926108374384237,4.926108374384237,19.704433497536947,7.389162561576354,7.389162561576354,7.389162561576354,0.0,0.0,0.0,2.4630541871921183,17.241379310344826,7.389162561576354,0.0,2.4630541871921183
285153,112.74509803921569,7.352941176470588,2.450980392156863,0.0,7.352941176470588,0.0,0.0,117.6470588235294,17.156862745098042,2.450980392156863,0.0,2.450980392156863,14.705882352941176,17.156862745098042,0.0,183.82352941176472,4.901960784313726,0.0,17.156862745098042,0.0,4.901960784313726,0.0,0.0,17.156862745098042,14.705882352941176,0.0,0.0,2.450980392156863,0.0,0.0,0.0,0.0,0.0,0.0,0.0,0.0,2.450980392156863,19.607843137254903,105.3921568627451,31.862745098039213,7.352941176470588,51.470588235294116,0.5222772277227723,4.48019801980198,0.0,2.450980392156863,0.0,2.450980392156863,4.901960784313726,2.450980392156863,4.901960784313726,2.450980392156863,0.0,0.0,4.901960784313726,22.058823529411764,0.0,0.0,2.450980392156863,2.450980392156863,2.450980392156863,0.0,2.450980392156863,14.705882352941176,19.607843137254903,0.0,0.0
286037,77.46478873239435,7.042253521126761,2.347417840375587,0.0,0.0,70.42253521126761,0.0,16.431924882629108,9.389671361502348,0.0,4.694835680751174,0.0,18.779342723004696,16.431924882629108,7.042253521126761,239.43661971830986,2.347417840375587,7.042253521126761,16.431924882629108,0.0,0.0,0.0,0.0,11.737089201877934,4.694835680751174,0.0,0.0,2.347417840375587,9.389671361502348,0.0,2.347417840375587,0.0,0.0,0.0,0.0,0.0,0.0,14.084507042253522,115.02347417840375,53.990610328638496,2.347417840375587,42.25352112676056,0.5592417061611374,4.575829383886256,0.0,0.0,0.0,0.0,7.042253521126761,0.0,0.0,4.694835680751174,0.0,2.347417840375587,0.0,16.431924882629108,4.694835680751174,0.0,4.694835680751174,0.0,2.347417840375587,2.347417840375587,2.347417840375587,7.042253521126761,9.389671361502348,2.347417840375587,4.694835680751174
28653,99.7624703087886,42.75534441805225,21.377672209026127,2.375296912114014,2.375296912114014,109.26365795724466,2.375296912114014,42.75534441805225,11.876484560570072,0.0,2.375296912114014,0.0,16.6270783847981,28.503562945368174,0.0,166.270783847981,0.0,0.0,26.128266033254157,0.0,4.750593824228028,0.0,0.0,16.6270783847981,7.125890736342043,0.0,0.0,0.0,0.0,0.0,2.375296912114014,0.0,0.0,0.0,0.0,0.0,0.0,14.251781472684087,99.7624703087886,30.878859857482183,4.750593824228028,47.50593824228029,0.5108433734939759,4.175903614457831,0.0,0.0,0.0,0.0,7.125890736342043,0.0,4.750593824228028,4.750593824228028,0.0,0.0,2.375296912114014,35.62945368171022,0.0,0.0,11.876484560570072,4.750593824228028,0.0,0.0,7.125890736342043,11.876484560570072,19.002375296912113,0.0,9.501187648456057
288443,79.01234567901234,2.4691358024691357,0.0,9.876543209876543,0.0,0.0,0.0,66.66666666666667,17.28395061728395,0.0,0.0,0.0,7.407407407407407,19.753086419753085,2.4691358024691357,259.25925925925924,4.938271604938271,0.0,12.345679012345679,0.0,0.0,0.0,2.4691358024691357,9.876543209876543,12.345679012345679,2.4691358024691357,0.0,2.4691358024691357,4.938271604938271,0.0,0.0,0.0,0.0,0.0,0.0,0.0,7.407407407407407,19.753086419753085,108.64197530864197,61.72839506172839,7.407407407407407,32.098765432098766,0.5275,4.415,0.0,9.876543209876543,0.0,0.0,2.4691358024691357,0.0,2.4691358024691357,0.0,0.0,2.4691358024691357,0.0,7.407407407407407,0.0,2.4691358024691357,0.0,0.0,0.0,0.0,0.0,12.345679012345679,0.0,0.0,0.0
288488,117.93611793611794,12.285012285012284,7.371007371007371,9.828009828009828,2.457002457002457,103.19410319410319,2.457002457002457,31.94103194103194,14.742014742014742,4.914004914004914,9.828009828009828,0.0,17.1990171990172,12.285012285012284,4.914004914004914,186.73218673218673,2.457002457002457,0.0,44.22604422604422,0.0,4.914004914004914,0.0,0.0,7.371007371007371,9.828009828009828,2.457002457002457,0.0,2.457002457002457,7.371007371007371,2.457002457002457,0.0,0.0,0.0,0.0,0.0,0.0,0.0,14.742014742014742,95.82309582309583,27.027027027027028,9.828009828009828,54.054054054054056,0.5384615384615384,4.253101736972705,0.0,2.457002457002457,0.0,0.0,9.828009828009828,0.0,0.0,2.457002457002457,2.457002457002457,2.457002457002457,4.914004914004914,27.027027027027028,7.371007371007371,0.0,9.828009828009828,2.457002457002457,0.0,0.0,7.371007371007371,19.656019656019655,24.570024570024568,0.0,2.457002457002457
288580,79.40446650124069,9.925558312655086,14.88833746898263,2.4813895781637716,4.962779156327543,89.33002481389578,2.4813895781637716,44.66501240694789,9.925558312655086,7.444168734491315,0.0,0.0,2.4813895781637716,17.3697270471464,0.0,223.32506203473946,2.4813895781637716,0.0,29.77667493796526,0.0,0.0,0.0,2.4813895781637716,9.925558312655086,7.444168734491315,2.4813895781637716,7.444168734491315,2.4813895781637716,0.0,0.0,0.0,0.0,0.0,0.0,0.0,0.0,2.4813895781637716,4.962779156327543,91.81141439205956,49.62779156327544,7.444168734491315,54.59057071960298,0.5923076923076923,4.292307692307692,0.0,2.4813895781637716,0.0,0.0,0.0,0.0,12.40694789081886,12.40694789081886,0.0,0.0,0.0,12.40694789081886,0.0,0.0,24.81389578163772,0.0,0.0,0.0,0.0,4.962779156327543,17.3697270471464,4.962779156327543,19.851116625310173
288973,89.1566265060241,4.819277108433735,12.048192771084338,2.4096385542168677,9.63855421686747,12.048192771084338,2.4096385542168677,53.01204819277108,14.457831325301205,2.4096385542168677,0.0,0.0,12.048192771084338,9.63855421686747,2.4096385542168677,291.566265060241,2.4096385542168677,0.0,14.457831325301205,0.0,0.0,0.0,0.0,14.457831325301205,7.228915662650603,2.4096385542168677,0.0,2.4096385542168677,0.0,0.0,4.819277108433735,0.0,0.0,0.0,0.0,0.0,0.0,7.228915662650603,106.02409638554217,48.19277108433735,7.228915662650603,36.144578313253014,0.4753694581280788,4.490147783251231,0.0,0.0,0.0,0.0,4.819277108433735,7.228915662650603,0.0,2.4096385542168677,0.0,2.4096385542168677,2.4096385542168677,2.4096385542168677,4.819277108433735,0.0,9.63855421686747,0.0,0.0,0.0,4.819277108433735,12.048192771084338,4.819277108433735,0.0,0.0
293489,113.30049261083744,19.704433497536947,2.4630541871921183,12.315270935960593,2.4630541871921183,0.0,0.0,100.98522167487685,12.315270935960593,4.926108374384237,9.852216748768473,0.0,2.4630541871921183,7.389162561576354,2.4630541871921183,177.3399014778325,7.389162561576354,0.0,27.093596059113302,0.0,4.926108374384237,0.0,0.0,24.630541871921185,2.4630541871921183,0.0,2.4630541871921183,4.926108374384237,0.0,0.0,0.0,0.0,0.0,0.0,0.0,0.0,2.4630541871921183,9.852216748768473,93.59605911330048,44.33497536945813,4.926108374384237,66.50246305418719,0.5394088669950738,4.775862068965517,2.4630541871921183,2.4630541871921183,0.0,0.0,9.852216748768473,0.0,4.926108374384237,2.4630541871921183,0.0,0.0,2.4630541871921183,32.01970443349754,0.0,2.4630541871921183,0.0,0.0,0.0,0.0,0.0,22.167487684729064,22.167487684729064,0.0,2.4630541871921183
293763,73.63420427553444,2.375296912114014,16.6270783847981,7.125890736342043,0.0,71.25890736342043,14.251781472684087,14.251781472684087,14.251781472684087,2.375296912114014,2.375296912114014,0.0,26.128266033254157,7.125890736342043,4.750593824228028,190.02375296912115,23.752969121140143,0.0,30.878859857482183,0.0,0.0,0.0,0.0,23.752969121140143,7.125890736342043,0.0,0.0,0.0,7.125890736342043,0.0,0.0,0.0,0.0,0.0,0.0,0.0,7.125890736342043,16.6270783847981,121.14014251781472,38.00475059382423,14.251781472684087,59.38242280285035,0.5266990291262136,4.140776699029126,2.375296912114014,0.0,0.0,0.0,2.375296912114014,0.0,0.0,11.876484560570072,0.0,7.125890736342043,7.125890736342043,16.6270783847981,2.375296912114014,4.750593824228028,14.251781472684087,0.0,0.0,0.0,2.375296912114014,4.750593824228028,11.876484560570072,0.0,7.125890736342043
294718,83.95061728395062,2.4691358024691357,7.407407407407407,9.876543209876543,0.0,91.35802469135803,0.0,24.691358024691358,2.4691358024691357,2.4691358024691357,0.0,0.0,4.938271604938271,19.753086419753085,0.0,261.7283950617284,9.876543209876543,2.4691358024691357,12.345679012345679,0.0,0.0,0.0,0.0,4.938271604938271,7.407407407407407,2.4691358024691357,0.0,0.0,0.0,0.0,0.0,0.0,0.0,0.0,0.0,0.0,0.0,12.345679012345679,125.92592592592591,44.44444444444444,2.4691358024691357,34.5679012345679,0.5696517412935324,4.514925373134329,0.0,0.0,0.0,0.0,2.4691358024691357,0.0,0.0,2.4691358024691357,0.0,0.0,0.0,14.814814814814815,0.0,0.0,0.0,0.0,0.0,0.0,0.0,7.407407407407407,12.345679012345679,0.0,0.0
296190,89.58837772397095,14.527845036319613,21.791767554479417,12.106537530266344,2.4213075060532687,99.27360774818402,12.106537530266344,14.527845036319613,7.263922518159807,0.0,0.0,2.4213075060532687,12.106537530266344,7.263922518159807,4.842615012106537,188.86198547215497,2.4213075060532687,0.0,16.949152542372882,0.0,0.0,0.0,4.842615012106537,33.898305084745765,19.37046004842615,2.4213075060532687,0.0,2.4213075060532687,2.4213075060532687,0.0,0.0,0.0,0.0,0.0,0.0,0.0,4.842615012106537,19.37046004842615,101.6949152542373,38.7409200968523,4.842615012106537,55.69007263922518,0.5297029702970297,4.071782178217822,0.0,7.263922518159807,0.0,0.0,0.0,0.0,7.263922518159807,2.4213075060532687,0.0,0.0,7.263922518159807,14.527845036319613,4.842615012106537,4.842615012106537,19.37046004842615,0.0,0.0,0.0,2.4213075060532687,4.842615012106537,12.106537530266344,2.4213075060532687,12.106537530266344
296231,61.88118811881188,9.900990099009901,22.277227722772277,4.9504950495049505,9.900990099009901,27.22772277227723,9.900990099009901,14.85148514851485,2.4752475247524752,0.0,0.0,2.4752475247524752,9.900990099009901,39.603960396039604,2.4752475247524752,217.82178217821783,12.376237623762377,2.4752475247524752,17.32673267326733,0.0,2.4752475247524752,0.0,0.0,34.65346534653466,9.900990099009901,0.0,0.0,0.0,2.4752475247524752,0.0,2.4752475247524752,0.0,0.0,0.0,0.0,0.0,2.4752475247524752,17.32673267326733,81.68316831683168,89.10891089108911,4.9504950495049505,37.12871287128713,0.6184538653366584,5.107231920199501,7.425742574257425,2.4752475247524752,0.0,2.4752475247524752,0.0,0.0,4.9504950495049505,0.0,0.0,7.425742574257425,2.4752475247524752,17.32673267326733,0.0,2.4752475247524752,0.0,0.0,0.0,0.0,0.0,19.801980198019802,12.376237623762377,0.0,2.4752475247524752
296745,86.53846153846153,45.67307692307692,19.230769230769234,2.403846153846154,0.0,50.48076923076923,2.403846153846154,12.01923076923077,7.211538461538462,2.403846153846154,4.807692307692308,0.0,26.442307692307693,19.230769230769234,0.0,216.34615384615387,7.211538461538462,0.0,31.25,0.0,7.211538461538462,2.403846153846154,0.0,12.01923076923077,2.403846153846154,2.403846153846154,0.0,2.403846153846154,12.01923076923077,0.0,4.807692307692308,0.0,0.0,0.0,0.0,0.0,2.403846153846154,4.807692307692308,91.34615384615384,74.51923076923077,14.423076923076923,40.86538461538461,0.5403422982885085,4.6821515892420535,2.403846153846154,2.403846153846154,0.0,0.0,9.615384615384617,0.0,0.0,7.211538461538462,2.403846153846154,0.0,7.211538461538462,14.423076923076923,4.807692307692308,0.0,14.423076923076923,0.0,0.0,0.0,2.403846153846154,9.615384615384617,16.826923076923077,0.0,7.211538461538462
297884,93.13725490196079,19.607843137254903,34.313725490196084,4.901960784313726,4.901960784313726,125.0,9.803921568627452,19.607843137254903,12.254901960784313,4.901960784313726,2.450980392156863,2.450980392156863,14.705882352941176,17.156862745098042,0.0,188.72549019607843,4.901960784313726,2.450980392156863,34.313725490196084,4.901960784313726,7.352941176470588,0.0,0.0,17.156862745098042,12.254901960784313,2.450980392156863,0.0,4.901960784313726,4.901960784313726,0.0,0.0,0.0,0.0,0.0,0.0,0.0,4.901960784313726,7.352941176470588,75.98039215686273,26.96078431372549,9.803921568627452,46.568627450980394,0.5125628140703518,4.0879396984924625,0.0,0.0,0.0,0.0,2.450980392156863,0.0,4.901960784313726,4.901960784313726,0.0,2.450980392156863,9.803921568627452,26.96078431372549,7.352941176470588,2.450980392156863,22.058823529411764,0.0,0.0,0.0,0.0,7.352941176470588,12.254901960784313,12.254901960784313,9.803921568627452
298094,115.38461538461539,24.03846153846154,4.807692307692308,12.01923076923077,4.807692307692308,91.34615384615384,4.807692307692308,9.615384615384617,26.442307692307693,2.403846153846154,7.211538461538462,0.0,14.423076923076923,19.230769230769234,4.807692307692308,168.26923076923077,4.807692307692308,0.0,19.230769230769234,2.403846153846154,9.615384615384617,0.0,0.0,16.826923076923077,9.615384615384617,2.403846153846154,0.0,0.0,4.807692307692308,0.0,0.0,0.0,2.403846153846154,0.0,0.0,0.0,0.0,12.01923076923077,98.5576923076923,40.86538461538461,4.807692307692308,72.11538461538461,0.5375302663438256,4.353510895883777,0.0,0.0,4.807692307692308,0.0,12.01923076923077,0.0,2.403846153846154,4.807692307692308,0.0,0.0,12.01923076923077,31.25,4.807692307692308,7.211538461538462,7.211538461538462,2.403846153846154,0.0,0.0,7.211538461538462,12.01923076923077,14.423076923076923,2.403846153846154,4.807692307692308
29844,98.76543209876543,2.4691358024691357,22.22222222222222,4.938271604938271,2.4691358024691357,71.60493827160494,2.4691358024691357,27.160493827160494,19.753086419753085,7.407407407407407,7.407407407407407,4.938271604938271,32.098765432098766,14.814814814814815,0.0,195.06172839506172,4.938271604938271,0.0,46.91358024691358,0.0,0.0,0.0,0.0,22.22222222222222,2.4691358024691357,0.0,0.0,0.0,12.345679012345679,0.0,2.4691358024691357,0.0,0.0,0.0,0.0,0.0,0.0,4.938271604938271,76.54320987654322,24.691358024691358,4.938271604938271,64.19753086419753,0.5541561712846348,4.045340050377834,0.0,4.938271604938271,7.407407407407407,0.0,7.407407407407407,0.0,2.4691358024691357,2.4691358024691357,0.0,4.938271604938271,4.938271604938271,14.814814814814815,2.4691358024691357,2.4691358024691357,19.753086419753085,0.0,2.4691358024691357,0.0,0.0,0.0,24.691358024691358,0.0,9.876543209876543
299226,101.73697270471465,4.962779156327543,34.7394540942928,2.4813895781637716,0.0,91.81141439205956,22.332506203473944,24.81389578163772,4.962779156327543,4.962779156327543,9.925558312655086,7.444168734491315,12.40694789081886,19.851116625310173,4.962779156327543,181.14143920595532,4.962779156327543,0.0,9.925558312655086,0.0,2.4813895781637716,0.0,0.0,22.332506203473944,4.962779156327543,2.4813895781637716,0.0,0.0,9.925558312655086,0.0,0.0,0.0,0.0,0.0,0.0,0.0,2.4813895781637716,17.3697270471464,76.92307692307693,42.183622828784124,2.4813895781637716,32.25806451612903,0.5252525252525253,4.23989898989899,0.0,2.4813895781637716,0.0,2.4813895781637716,7.444168734491315,2.4813895781637716,4.962779156327543,4.962779156327543,0.0,2.4813895781637716,14.88833746898263,37.220843672456574,4.962779156327543,4.962779156327543,4.962779156327543,9.925558312655086,2.4813895781637716,0.0,4.962779156327543,12.40694789081886,14.88833746898263,4.962779156327543,4.962779156327543
299305,84.15841584158416,2.4752475247524752,2.4752475247524752,4.9504950495049505,0.0,106.43564356435644,0.0,17.32673267326733,12.376237623762377,0.0,2.4752475247524752,0.0,14.85148514851485,17.32673267326733,4.9504950495049505,175.74257425742573,4.9504950495049505,0.0,19.801980198019802,0.0,0.0,0.0,0.0,19.801980198019802,17.32673267326733,0.0,0.0,0.0,4.9504950495049505,0.0,2.4752475247524752,0.0,0.0,0.0,0.0,0.0,0.0,29.7029702970297,103.96039603960395,47.02970297029703,4.9504950495049505,51.980198019801975,0.52,4.295,0.0,7.425742574257425,0.0,2.4752475247524752,7.425742574257425,0.0,0.0,4.9504950495049505,0.0,32.17821782178218,2.4752475247524752,37.12871287128713,0.0,2.4752475247524752,7.425742574257425,2.4752475247524752,2.4752475247524752,0.0,2.4752475247524752,17.32673267326733,12.376237623762377,0.0,4.9504950495049505
302273,54.187192118226605,0.0,0.0,2.4630541871921183,2.4630541871921183,4.926108374384237,0.0,51.724137931034484,4.926108374384237,0.0,4.926108374384237,0.0,9.852216748768473,27.093596059113302,2.4630541871921183,246.30541871921181,0.0,2.4630541871921183,7.389162561576354,2.4630541871921183,2.4630541871921183,4.926108374384237,0.0,14.778325123152708,9.852216748768473,2.4630541871921183,4.926108374384237,0.0,2.4630541871921183,0.0,7.389162561576354,0.0,0.0,0.0,0.0,0.0,0.0,9.852216748768473,98.52216748768474,68.9655172413793,0.0,56.65024630541872,0.5939849624060151,4.859649122807017,0.0,2.4630541871921183,0.0,0.0,9.852216748768473,0.0,4.926108374384237,2.4630541871921183,0.0,17.241379310344826,12.315270935960593,7.389162561576354,0.0,0.0,0.0,0.0,0.0,0.0,2.4630541871921183,2.4630541871921183,7.389162561576354,0.0,2.4630541871921183
302442,100.73710073710073,19.656019656019655,0.0,4.914004914004914,0.0,0.0,0.0,17.1990171990172,12.285012285012284,0.0,2.457002457002457,0.0,9.828009828009828,49.140049140049136,4.914004914004914,223.58722358722358,7.371007371007371,2.457002457002457,29.484029484029485,0.0,2.457002457002457,0.0,0.0,22.11302211302211,7.371007371007371,0.0,0.0,2.457002457002457,2.457002457002457,2.457002457002457,0.0,0.0,0.0,0.0,0.0,0.0,7.371007371007371,22.11302211302211,100.73710073710073,63.88206388206388,9.828009828009828,39.31203931203931,0.5742574257425742,5.121287128712871,0.0,0.0,0.0,0.0,7.371007371007371,0.0,4.914004914004914,0.0,0.0,0.0,4.914004914004914,4.914004914004914,2.457002457002457,2.457002457002457,2.457002457002457,0.0,0.0,0.0,2.457002457002457,17.1990171990172,9.828009828009828,0.0,2.457002457002457
32236,74.51923076923077,7.211538461538462,43.26923076923077,2.403846153846154,0.0,16.826923076923077,7.211538461538462,40.86538461538461,19.230769230769234,0.0,4.807692307692308,0.0,12.01923076923077,12.01923076923077,7.211538461538462,221.15384615384613,7.211538461538462,4.807692307692308,16.826923076923077,2.403846153846154,2.403846153846154,0.0,0.0,16.826923076923077,0.0,0.0,2.403846153846154,0.0,2.403846153846154,0.0,2.403846153846154,0.0,0.0,0.0,0.0,0.0,4.807692307692308,4.807692307692308,74.51923076923077,57.69230769230769,12.01923076923077,43.26923076923077,0.6067961165048543,4.592233009708738,2.403846153846154,4.807692307692308,7.211538461538462,0.0,7.211538461538462,2.403846153846154,2.403846153846154,9.615384615384617,2.403846153846154,2.403846153846154,9.615384615384617,31.25,0.0,2.403846153846154,2.403846153846154,0.0,0.0,0.0,4.807692307692308,9.615384615384617,12.01923076923077,0.0,0.0
32250,66.66666666666667,9.523809523809526,23.809523809523807,2.3809523809523814,0.0,80.95238095238096,19.04761904761905,0.0,7.142857142857142,2.3809523809523814,2.3809523809523814,0.0,11.904761904761903,19.04761904761905,14.285714285714285,188.0952380952381,30.952380952380953,2.3809523809523814,21.428571428571427,0.0,2.3809523809523814,0.0,0.0,30.952380952380953,2.3809523809523814,0.0,0.0,2.3809523809523814,0.0,0.0,0.0,0.0,0.0,0.0,2.3809523809523814,0.0,0.0,2.3809523809523814,114.28571428571428,54.76190476190476,9.523809523809526,59.52380952380952,0.5023809523809524,4.216666666666667,0.0,0.0,0.0,2.3809523809523814,7.142857142857142,0.0,4.761904761904763,0.0,0.0,23.809523809523807,7.142857142857142,16.666666666666668,2.3809523809523814,0.0,0.0,0.0,0.0,0.0,4.761904761904763,7.142857142857142,11.904761904761903,0.0,16.666666666666668
32923,81.08108108108108,17.1990171990172,4.914004914004914,2.457002457002457,0.0,63.88206388206388,0.0,12.285012285012284,22.11302211302211,2.457002457002457,2.457002457002457,0.0,9.828009828009828,2.457002457002457,2.457002457002457,196.56019656019654,2.457002457002457,0.0,22.11302211302211,0.0,4.914004914004914,0.0,0.0,22.11302211302211,12.285012285012284,2.457002457002457,2.457002457002457,0.0,2.457002457002457,0.0,2.457002457002457,0.0,0.0,0.0,0.0,0.0,2.457002457002457,7.371007371007371,113.02211302211303,46.68304668304668,4.914004914004914,44.22604422604422,0.504950495049505,4.1683168316831685,0.0,2.457002457002457,0.0,0.0,12.285012285012284,0.0,4.914004914004914,0.0,0.0,9.828009828009828,0.0,12.285012285012284,0.0,0.0,0.0,2.457002457002457,0.0,0.0,2.457002457002457,7.371007371007371,17.1990171990172,2.457002457002457,2.457002457002457
33149,136.47642679900744,19.851116625310173,2.4813895781637716,4.962779156327543,2.4813895781637716,0.0,2.4813895781637716,101.73697270471465,27.29528535980149,0.0,4.962779156327543,0.0,4.962779156327543,2.4813895781637716,4.962779156327543,198.51116625310175,4.962779156327543,0.0,27.29528535980149,4.962779156327543,9.925558312655086,0.0,0.0,29.77667493796526,12.40694789081886,0.0,0.0,0.0,2.4813895781637716,0.0,0.0,0.0,0.0,0.0,0.0,0.0,4.962779156327543,27.29528535980149,79.40446650124069,14.88833746898263,4.962779156327543,57.07196029776674,0.4659949622166247,4.095717884130982,0.0,2.4813895781637716,2.4813895781637716,0.0,7.444168734491315,0.0,4.962779156327543,4.962779156327543,2.4813895781637716,0.0,4.962779156327543,34.7394540942928,4.962779156327543,4.962779156327543,7.444168734491315,0.0,0.0,0.0,4.962779156327543,4.962779156327543,14.88833746898263,9.925558312655086,4.962779156327543
35342,114.35523114355232,9.732360097323602,0.0,9.732360097323602,0.0,119.2214111922141,0.0,9.732360097323602,21.897810218978105,0.0,0.0,0.0,12.165450121654501,17.0316301703163,4.866180048661801,214.1119221411192,0.0,2.4330900243309004,12.165450121654501,0.0,4.866180048661801,0.0,0.0,17.0316301703163,9.732360097323602,2.4330900243309004,0.0,0.0,12.165450121654501,0.0,0.0,0.0,0.0,0.0,0.0,0.0,0.0,9.732360097323602,109.48905109489051,48.661800486618006,7.299270072992701,21.897810218978105,0.5474452554744526,4.184914841849149,0.0,2.4330900243309004,2.4330900243309004,0.0,0.0,0.0,2.4330900243309004,0.0,0.0,0.0,0.0,34.0632603406326,0.0,0.0,0.0,7.299270072992701,0.0,0.0,0.0,4.866180048661801,9.732360097323602,7.299270072992701,0.0
35981,99.03381642512076,16.908212560386474,2.4154589371980677,2.4154589371980677,0.0,0.0,4.830917874396135,91.78743961352657,14.492753623188406,4.830917874396135,4.830917874396135,2.4154589371980677,9.66183574879227,19.32367149758454,4.830917874396135,169.08212560386474,2.4154589371980677,0.0,38.64734299516908,7.246376811594203,2.4154589371980677,0.0,0.0,38.64734299516908,12.077294685990339,2.4154589371980677,2.4154589371980677,4.830917874396135,0.0,0.0,2.4154589371980677,0.0,2.4154589371980677,0.0,0.0,0.0,0.0,9.66183574879227,84.54106280193237,38.64734299516908,9.66183574879227,38.64734299516908,0.5476772616136919,4.23960880195599,0.0,2.4154589371980677,2.4154589371980677,0.0,4.830917874396135,0.0,0.0,9.66183574879227,0.0,4.830917874396135,2.4154589371980677,24.154589371980677,0.0,2.4154589371980677,4.830917874396135,0.0,0.0,0.0,2.4154589371980677,12.077294685990339,19.32367149758454,16.908212560386474,4.830917874396135
36220,90.9090909090909,28.70813397129187,0.0,0.0,4.784688995215311,0.0,0.0,47.84688995215311,9.569377990430622,0.0,2.3923444976076556,0.0,21.5311004784689,31.10047846889952,4.784688995215311,224.8803827751196,11.961722488038278,4.784688995215311,26.31578947368421,0.0,4.784688995215311,0.0,0.0,11.961722488038278,7.177033492822967,0.0,2.3923444976076556,0.0,14.354066985645934,0.0,2.3923444976076556,0.0,0.0,0.0,0.0,0.0,2.3923444976076556,7.177033492822967,117.22488038277513,66.98564593301435,11.961722488038278,38.27751196172249,0.46859903381642515,4.966183574879227,4.784688995215311,0.0,0.0,2.3923444976076556,2.3923444976076556,0.0,4.784688995215311,4.784688995215311,0.0,2.3923444976076556,2.3923444976076556,9.569377990430622,2.3923444976076556,2.3923444976076556,0.0,0.0,0.0,0.0,4.784688995215311,16.74641148325359,11.961722488038278,0.0,4.784688995215311
37470,69.04761904761905,7.142857142857142,30.952380952380953,7.142857142857142,2.3809523809523814,59.52380952380952,16.666666666666668,28.57142857142857,7.142857142857142,4.761904761904763,4.761904761904763,0.0,19.04761904761905,16.666666666666668,2.3809523809523814,235.71428571428572,7.142857142857142,2.3809523809523814,16.666666666666668,0.0,0.0,0.0,0.0,19.04761904761905,9.523809523809526,0.0,4.761904761904763,0.0,2.3809523809523814,0.0,2.3809523809523814,0.0,0.0,0.0,0.0,0.0,0.0,9.523809523809526,116.66666666666667,59.52380952380952,0.0,16.666666666666668,0.5501222493887531,4.300733496332518,0.0,0.0,0.0,0.0,4.761904761904763,0.0,4.761904761904763,0.0,0.0,0.0,4.761904761904763,14.285714285714285,4.761904761904763,0.0,7.142857142857142,4.761904761904763,0.0,0.0,2.3809523809523814,4.761904761904763,11.904761904761903,0.0,4.761904761904763
38764,110.04784688995215,16.74641148325359,14.354066985645934,9.569377990430622,2.3923444976076556,114.83253588516747,0.0,11.961722488038278,28.70813397129187,0.0,14.354066985645934,2.3923444976076556,23.923444976076556,7.177033492822967,4.784688995215311,150.71770334928232,16.74641148325359,0.0,38.27751196172249,0.0,14.354066985645934,0.0,0.0,33.49282296650718,7.177033492822967,0.0,2.3923444976076556,0.0,2.3923444976076556,0.0,7.177033492822967,0.0,4.784688995215311,0.0,0.0,0.0,0.0,16.74641148325359,86.1244019138756,38.27751196172249,9.569377990430622,45.45454545454545,0.49271844660194175,4.080097087378641,0.0,2.3923444976076556,0.0,2.3923444976076556,4.784688995215311,0.0,0.0,11.961722488038278,0.0,2.3923444976076556,2.3923444976076556,28.70813397129187,7.177033492822967,0.0,11.961722488038278,0.0,2.3923444976076556,2.3923444976076556,2.3923444976076556,11.961722488038278,26.31578947368421,0.0,7.177033492822967
39626,104.4776119402985,17.412935323383085,24.875621890547265,7.462686567164179,2.487562189054726,87.06467661691543,9.950248756218905,22.388059701492537,4.975124378109452,7.462686567164179,4.975124378109452,0.0,32.33830845771144,4.975124378109452,2.487562189054726,184.07960199004975,12.437810945273633,0.0,22.388059701492537,0.0,7.462686567164179,0.0,0.0,32.33830845771144,12.437810945273633,0.0,0.0,7.462686567164179,14.925373134328359,0.0,4.975124378109452,0.0,0.0,0.0,0.0,0.0,0.0,17.412935323383085,77.11442786069651,34.82587064676617,2.487562189054726,59.701492537313435,0.5411471321695761,4.132169576059851,0.0,2.487562189054726,2.487562189054726,0.0,0.0,0.0,7.462686567164179,2.487562189054726,0.0,0.0,12.437810945273633,27.36318407960199,4.975124378109452,4.975124378109452,2.487562189054726,0.0,0.0,0.0,0.0,4.975124378109452,12.437810945273633,0.0,2.487562189054726
4010,93.82716049382717,19.753086419753085,0.0,0.0,14.814814814814815,0.0,0.0,46.91358024691358,2.4691358024691357,2.4691358024691357,9.876543209876543,0.0,14.814814814814815,17.28395061728395,2.4691358024691357,222.2222222222222,4.938271604938271,0.0,37.03703703703704,0.0,2.4691358024691357,0.0,0.0,34.5679012345679,4.938271604938271,0.0,2.4691358024691357,0.0,7.407407407407407,0.0,7.407407407407407,0.0,0.0,0.0,0.0,0.0,0.0,9.876543209876543,103.7037037037037,54.32098765432099,19.753086419753085,59.25925925925926,0.49874686716791977,4.774436090225564,2.4691358024691357,2.4691358024691357,0.0,0.0,7.407407407407407,0.0,2.4691358024691357,0.0,0.0,0.0,0.0,7.407407407407407,2.4691358024691357,4.938271604938271,0.0,0.0,0.0,0.0,4.938271604938271,17.28395061728395,19.753086419753085,0.0,2.4691358024691357
40815,98.28009828009827,7.371007371007371,27.027027027027028,4.914004914004914,0.0,76.16707616707617,12.285012285012284,34.3980343980344,22.11302211302211,2.457002457002457,4.914004914004914,0.0,24.570024570024568,17.1990171990172,0.0,176.9041769041769,2.457002457002457,0.0,24.570024570024568,0.0,0.0,0.0,2.457002457002457,29.484029484029485,14.742014742014742,0.0,0.0,0.0,0.0,0.0,0.0,0.0,0.0,0.0,0.0,2.457002457002457,2.457002457002457,14.742014742014742,78.62407862407862,41.76904176904177,7.371007371007371,63.88206388206388,0.5603015075376885,4.075376884422111,0.0,4.914004914004914,2.457002457002457,0.0,9.828009828009828,0.0,0.0,7.371007371007371,2.457002457002457,2.457002457002457,29.484029484029485,39.31203931203931,2.457002457002457,7.371007371007371,19.656019656019655,0.0,0.0,0.0,0.0,2.457002457002457,9.828009828009828,0.0,9.828009828009828
41203,92.26932668329177,22.443890274314214,27.43142144638404,9.975062344139651,4.987531172069826,62.34413965087282,0.0,64.83790523690773,7.481296758104738,0.0,4.987531172069826,2.493765586034913,27.43142144638404,4.987531172069826,4.987531172069826,172.06982543640896,4.987531172069826,0.0,24.93765586034913,2.493765586034913,4.987531172069826,0.0,0.0,17.456359102244388,4.987531172069826,2.493765586034913,0.0,2.493765586034913,9.975062344139651,2.493765586034913,4.987531172069826,0.0,0.0,0.0,0.0,0.0,2.493765586034913,17.456359102244388,107.23192019950125,44.88778054862843,9.975062344139651,54.86284289276808,0.5473145780051151,4.107416879795396,0.0,0.0,4.987531172069826,0.0,4.987531172069826,0.0,0.0,2.493765586034913,2.493765586034913,2.493765586034913,0.0,34.912718204488776,4.987531172069826,4.987531172069826,24.93765586034913,0.0,4.987531172069826,0.0,2.493765586034913,7.481296758104738,9.975062344139651,2.493765586034913,9.975062344139651
41742,9.975062344139651,39.900249376558605,74.81296758104739,0.0,2.493765586034913,39.900249376558605,0.0,32.418952618453865,7.481296758104738,0.0,0.0,0.0,17.456359102244388,67.33167082294264,2.493765586034913,184.53865336658353,4.987531172069826,7.481296758104738,27.43142144638404,0.0,2.493765586034913,0.0,0.0,24.93765586034913,2.493765586034913,0.0,0.0,0.0,9.975062344139651,2.493765586034913,2.493765586034913,0.0,0.0,2.493765586034913,0.0,0.0,0.0,9.975062344139651,107.23192019950125,72.31920199501248,12.468827930174564,49.87531172069826,0.5336658354114713,5.401496259351621,9.975062344139651,0.0,0.0,4.987531172069826,2.493765586034913,0.0,4.987531172069826,0.0,2.493765586034913,2.493765586034913,4.987531172069826,12.468827930174564,0.0,4.987531172069826,0.0,0.0,0.0,0.0,14.962593516209475,37.406483790523694,17.456359102244388,0.0,2.493765586034913
42980,124.39024390243902,9.75609756097561,19.51219512195122,0.0,0.0,114.63414634146342,9.75609756097561,51.21951219512195,14.634146341463415,2.4390243902439024,2.4390243902439024,0.0,21.95121951219512,7.317073170731708,0.0,195.1219512195122,2.4390243902439024,0.0,19.51219512195122,0.0,2.4390243902439024,2.4390243902439024,2.4390243902439024,21.95121951219512,17.073170731707318,0.0,7.317073170731708,0.0,0.0,2.4390243902439024,0.0,0.0,0.0,0.0,0.0,0.0,2.4390243902439024,12.195121951219512,90.24390243902438,36.58536585365854,7.317073170731708,43.90243902439024,0.4282115869017632,3.8438287153652393,0.0,2.4390243902439024,0.0,0.0,2.4390243902439024,2.4390243902439024,9.75609756097561,2.4390243902439024,0.0,2.4390243902439024,17.073170731707318,34.146341463414636,9.75609756097561,0.0,17.073170731707318,7.317073170731708,2.4390243902439024,0.0,0.0,0.0,12.195121951219512,0.0,12.195121951219512
43465,46.91358024691358,2.4691358024691357,14.814814814814815,2.4691358024691357,0.0,29.62962962962963,0.0,2.4691358024691357,2.4691358024691357,0.0,0.0,0.0,2.4691358024691357,56.79012345679013,4.938271604938271,328.39506172839504,9.876543209876543,0.0,17.28395061728395,2.4691358024691357,2.4691358024691357,0.0,0.0,17.28395061728395,12.345679012345679,0.0,0.0,4.938271604938271,0.0,0.0,0.0,0.0,0.0,2.4691358024691357,0.0,0.0,0.0,7.407407407407407,98.76543209876543,86.41975308641975,9.876543209876543,14.814814814814815,0.6234096692111959,5.786259541984733,0.0,2.4691358024691357,0.0,0.0,0.0,0.0,2.4691358024691357,2.4691358024691357,0.0,0.0,9.876543209876543,12.345679012345679,9.876543209876543,2.4691358024691357,0.0,0.0,0.0,0.0,0.0,19.753086419753085,9.876543209876543,7.407407407407407,0.0
48293,79.13669064748201,16.786570743405274,14.388489208633095,7.194244604316547,2.398081534772182,2.398081534772182,11.990407673860911,47.961630695443645,9.592326139088728,0.0,0.0,0.0,11.990407673860911,4.796163069544364,0.0,254.1966426858513,7.194244604316547,0.0,9.592326139088728,0.0,4.796163069544364,0.0,0.0,11.990407673860911,9.592326139088728,0.0,4.796163069544364,2.398081534772182,11.990407673860911,0.0,0.0,0.0,0.0,0.0,0.0,0.0,0.0,9.592326139088728,119.90407673860912,67.1462829736211,7.194244604316547,26.378896882494004,0.5673076923076923,4.685096153846154,0.0,0.0,0.0,2.398081534772182,0.0,0.0,7.194244604316547,4.796163069544364,0.0,2.398081534772182,9.592326139088728,21.58273381294964,0.0,4.796163069544364,0.0,0.0,0.0,0.0,2.398081534772182,16.786570743405274,11.990407673860911,0.0,0.0
49495,99.50248756218906,9.950248756218905,7.462686567164179,4.975124378109452,2.487562189054726,7.462686567164179,2.487562189054726,49.75124378109453,19.90049751243781,0.0,2.487562189054726,2.487562189054726,12.437810945273633,12.437810945273633,0.0,271.14427860696514,4.975124378109452,0.0,19.90049751243781,0.0,0.0,0.0,0.0,7.462686567164179,2.487562189054726,2.487562189054726,2.487562189054726,0.0,2.487562189054726,0.0,2.487562189054726,0.0,0.0,0.0,0.0,0.0,0.0,9.950248756218905,111.94029850746269,37.31343283582089,9.950248756218905,52.23880597014925,0.5888324873096447,4.852791878172589,7.462686567164179,2.487562189054726,0.0,0.0,2.487562189054726,0.0,2.487562189054726,9.950248756218905,0.0,2.487562189054726,4.975124378109452,17.412935323383085,0.0,2.487562189054726,4.975124378109452,0.0,0.0,0.0,0.0,7.462686567164179,29.850746268656717,0.0,4.975124378109452
5023,76.92307692307693,19.851116625310173,39.702233250620345,4.962779156327543,2.4813895781637716,27.29528535980149,24.81389578163772,59.55334987593052,9.925558312655086,0.0,0.0,0.0,7.444168734491315,4.962779156327543,2.4813895781637716,235.73200992555832,4.962779156327543,2.4813895781637716,37.220843672456574,0.0,0.0,0.0,0.0,14.88833746898263,7.444168734491315,0.0,4.962779156327543,2.4813895781637716,2.4813895781637716,0.0,2.4813895781637716,0.0,0.0,0.0,0.0,0.0,2.4813895781637716,12.40694789081886,74.44168734491315,49.62779156327544,4.962779156327543,42.183622828784124,0.5362694300518135,4.341968911917099,2.4813895781637716,2.4813895781637716,0.0,0.0,14.88833746898263,0.0,4.962779156327543,7.444168734491315,0.0,0.0,4.962779156327543,22.332506203473944,2.4813895781637716,0.0,27.29528535980149,0.0,0.0,0.0,7.444168734491315,12.40694789081886,12.40694789081886,4.962779156327543,7.444168734491315
5099,96.3855421686747,12.048192771084338,14.457831325301205,4.819277108433735,7.228915662650603,9.63855421686747,2.4096385542168677,21.686746987951807,19.27710843373494,4.819277108433735,4.819277108433735,2.4096385542168677,24.096385542168676,7.228915662650603,0.0,248.19277108433735,0.0,0.0,16.867469879518072,0.0,0.0,0.0,0.0,24.096385542168676,12.048192771084338,2.4096385542168677,0.0,0.0,9.63855421686747,0.0,0.0,0.0,0.0,4.819277108433735,0.0,0.0,4.819277108433735,12.048192771084338,84.33734939759036,43.373493975903614,4.819277108433735,43.373493975903614,0.5789473684210527,4.5814536340852134,0.0,2.4096385542168677,0.0,0.0,7.228915662650603,4.819277108433735,0.0,2.4096385542168677,2.4096385542168677,0.0,2.4096385542168677,12.048192771084338,2.4096385542168677,9.63855421686747,7.228915662650603,0.0,0.0,0.0,2.4096385542168677,4.819277108433735,16.867469879518072,0.0,4.819277108433735
51293,106.17283950617285,12.345679012345679,14.814814814814815,2.4691358024691357,2.4691358024691357,128.39506172839506,2.4691358024691357,27.160493827160494,0.0,2.4691358024691357,2.4691358024691357,2.4691358024691357,7.407407407407407,12.345679012345679,2.4691358024691357,197.53086419753086,2.4691358024691357,2.4691358024691357,17.28395061728395,0.0,2.4691358024691357,0.0,4.938271604938271,27.160493827160494,4.938271604938271,2.4691358024691357,0.0,0.0,0.0,0.0,0.0,0.0,0.0,2.4691358024691357,0.0,0.0,0.0,22.22222222222222,88.88888888888889,17.28395061728395,7.407407407407407,49.382716049382715,0.5138539042821159,4.105793450881612,0.0,0.0,2.4691358024691357,0.0,4.938271604938271,0.0,0.0,4.938271604938271,0.0,0.0,12.345679012345679,24.691358024691358,7.407407407407407,0.0,17.28395061728395,0.0,2.4691358024691357,0.0,2.4691358024691357,4.938271604938271,19.753086419753085,0.0,12.345679012345679
5289,71.42857142857143,0.0,19.04761904761905,4.761904761904763,0.0,21.428571428571427,21.428571428571427,47.61904761904761,9.523809523809526,4.761904761904763,2.3809523809523814,0.0,16.666666666666668,2.3809523809523814,0.0,238.09523809523807,2.3809523809523814,2.3809523809523814,38.0952380952381,0.0,9.523809523809526,0.0,0.0,16.666666666666668,4.761904761904763,0.0,2.3809523809523814,0.0,2.3809523809523814,0.0,4.761904761904763,0.0,0.0,0.0,0.0,0.0,2.3809523809523814,2.3809523809523814,100.0,54.76190476190476,9.523809523809526,47.61904761904761,0.5717821782178217,4.324257425742574,0.0,0.0,0.0,0.0,2.3809523809523814,2.3809523809523814,7.142857142857142,4.761904761904763,0.0,16.666666666666668,2.3809523809523814,19.04761904761905,0.0,0.0,23.809523809523807,0.0,0.0,0.0,0.0,0.0,7.142857142857142,2.3809523809523814,11.904761904761903
53374,71.25307125307125,14.742014742014742,29.484029484029485,4.914004914004914,4.914004914004914,88.45208845208845,41.76904176904177,0.0,49.140049140049136,2.457002457002457,4.914004914004914,4.914004914004914,2.457002457002457,2.457002457002457,2.457002457002457,132.67813267813267,0.0,0.0,24.570024570024568,0.0,4.914004914004914,0.0,0.0,29.484029484029485,14.742014742014742,0.0,0.0,0.0,0.0,0.0,0.0,0.0,0.0,0.0,0.0,0.0,2.457002457002457,4.914004914004914,93.36609336609337,41.76904176904177,9.828009828009828,63.88206388206388,0.5199004975124378,3.962686567164179,2.457002457002457,2.457002457002457,2.457002457002457,0.0,12.285012285012284,0.0,2.457002457002457,4.914004914004914,2.457002457002457,17.1990171990172,17.1990171990172,17.1990171990172,12.285012285012284,4.914004914004914,12.285012285012284,0.0,0.0,0.0,2.457002457002457,7.371007371007371,27.027027027027028,0.0,9.828009828009828
54689,98.52216748768474,12.315270935960593,14.778325123152708,4.926108374384237,0.0,14.778325123152708,4.926108374384237,68.9655172413793,4.926108374384237,2.4630541871921183,2.4630541871921183,0.0,7.389162561576354,4.926108374384237,0.0,251.23152709359607,0.0,0.0,17.241379310344826,0.0,0.0,0.0,2.4630541871921183,22.167487684729064,14.778325123152708,0.0,0.0,2.4630541871921183,0.0,0.0,0.0,0.0,0.0,0.0,0.0,0.0,0.0,4.926108374384237,91.13300492610837,61.576354679802954,4.926108374384237,49.26108374384237,0.5597014925373134,4.480099502487562,2.4630541871921183,0.0,0.0,0.0,2.4630541871921183,0.0,0.0,0.0,2.4630541871921183,2.4630541871921183,7.389162561576354,14.778325123152708,2.4630541871921183,2.4630541871921183,7.389162561576354,0.0,0.0,0.0,0.0,14.778325123152708,19.704433497536947,0.0,0.0
56232,118.22660098522167,2.4630541871921183,2.4630541871921183,4.926108374384237,2.4630541871921183,56.65024630541872,0.0,22.167487684729064,17.241379310344826,0.0,7.389162561576354,4.926108374384237,14.778325123152708,7.389162561576354,0.0,224.13793103448276,4.926108374384237,0.0,24.630541871921185,0.0,0.0,0.0,0.0,7.389162561576354,7.389162561576354,2.4630541871921183,0.0,0.0,2.4630541871921183,0.0,2.4630541871921183,0.0,0.0,0.0,0.0,0.0,0.0,7.389162561576354,96.0591133004926,36.94581280788178,7.389162561576354,49.26108374384237,0.543424317617866,4.265508684863524,4.926108374384237,0.0,0.0,0.0,12.315270935960593,0.0,0.0,7.389162561576354,0.0,0.0,0.0,12.315270935960593,0.0,0.0,7.389162561576354,0.0,0.0,0.0,0.0,12.315270935960593,19.704433497536947,2.4630541871921183,7.389162561576354
60156,104.11622276029055,12.106537530266344,4.842615012106537,2.4213075060532687,7.263922518159807,55.69007263922518,0.0,19.37046004842615,12.106537530266344,0.0,7.263922518159807,2.4213075060532687,24.213075060532688,12.106537530266344,2.4213075060532687,184.01937046004844,2.4213075060532687,2.4213075060532687,26.634382566585955,0.0,2.4213075060532687,0.0,0.0,21.791767554479417,0.0,0.0,0.0,2.4213075060532687,2.4213075060532687,0.0,14.527845036319613,0.0,0.0,0.0,0.0,0.0,0.0,14.527845036319613,96.85230024213075,29.055690072639226,2.4213075060532687,65.37530266343826,0.49029126213592233,4.281553398058253,0.0,2.4213075060532687,0.0,2.4213075060532687,16.949152542372882,0.0,4.842615012106537,2.4213075060532687,0.0,4.842615012106537,2.4213075060532687,26.634382566585955,2.4213075060532687,0.0,2.4213075060532687,2.4213075060532687,0.0,0.0,0.0,31.476997578692497,21.791767554479417,0.0,2.4213075060532687
61434,93.75,21.634615384615383,24.03846153846154,4.807692307692308,2.403846153846154,19.230769230769234,12.01923076923077,93.75,7.211538461538462,0.0,2.403846153846154,4.807692307692308,19.230769230769234,9.615384615384617,2.403846153846154,185.09615384615387,4.807692307692308,0.0,12.01923076923077,0.0,4.807692307692308,0.0,0.0,21.634615384615383,7.211538461538462,0.0,0.0,0.0,9.615384615384617,0.0,2.403846153846154,0.0,0.0,0.0,0.0,0.0,2.403846153846154,12.01923076923077,81.73076923076923,43.26923076923077,2.403846153846154,67.3076923076923,0.5672371638141809,4.493887530562347,0.0,0.0,4.807692307692308,2.403846153846154,12.01923076923077,0.0,7.211538461538462,0.0,0.0,7.211538461538462,14.423076923076923,9.615384615384617,0.0,2.403846153846154,12.01923076923077,0.0,0.0,0.0,4.807692307692308,7.211538461538462,16.826923076923077,0.0,4.807692307692308
62825,103.44827586206897,17.241379310344826,4.926108374384237,9.852216748768473,4.926108374384237,64.03940886699507,2.4630541871921183,29.556650246305416,12.315270935960593,2.4630541871921183,0.0,0.0,27.093596059113302,9.852216748768473,2.4630541871921183,219.21182266009853,12.315270935960593,0.0,14.778325123152708,0.0,0.0,0.0,4.926108374384237,17.241379310344826,19.704433497536947,0.0,2.4630541871921183,0.0,7.389162561576354,0.0,0.0,0.0,0.0,0.0,0.0,0.0,4.926108374384237,19.704433497536947,118.22660098522167,44.33497536945813,4.926108374384237,22.167487684729064,0.5136476426799007,4.225806451612903,0.0,2.4630541871921183,0.0,0.0,2.4630541871921183,0.0,7.389162561576354,0.0,0.0,2.4630541871921183,4.926108374384237,22.167487684729064,0.0,2.4630541871921183,2.4630541871921183,2.4630541871921183,2.4630541871921183,0.0,2.4630541871921183,14.778325123152708,19.704433497536947,0.0,0.0
64759,79.01234567901234,12.345679012345679,0.0,0.0,0.0,2.4691358024691357,0.0,39.50617283950617,17.28395061728395,4.938271604938271,2.4691358024691357,0.0,14.814814814814815,7.407407407407407,2.4691358024691357,249.38271604938274,9.876543209876543,2.4691358024691357,19.753086419753085,2.4691358024691357,2.4691358024691357,0.0,0.0,22.22222222222222,4.938271604938271,0.0,4.938271604938271,2.4691358024691357,7.407407407407407,0.0,4.938271604938271,0.0,0.0,0.0,0.0,0.0,0.0,9.876543209876543,123.45679012345678,71.60493827160494,7.407407407407407,24.691358024691358,0.5348258706467661,4.509950248756219,0.0,2.4691358024691357,0.0,2.4691358024691357,7.407407407407407,0.0,2.4691358024691357,4.938271604938271,0.0,2.4691358024691357,7.407407407407407,22.22222222222222,4.938271604938271,2.4691358024691357,0.0,0.0,0.0,0.0,2.4691358024691357,9.876543209876543,9.876543209876543,2.4691358024691357,4.938271604938271
67135,132.67813267813267,29.484029484029485,0.0,9.828009828009828,4.914004914004914,0.0,0.0,164.61916461916462,17.1990171990172,4.914004914004914,7.371007371007371,2.457002457002457,9.828009828009828,2.457002457002457,7.371007371007371,164.61916461916462,4.914004914004914,0.0,41.76904176904177,2.457002457002457,7.371007371007371,2.457002457002457,0.0,9.828009828009828,2.457002457002457,0.0,2.457002457002457,0.0,0.0,0.0,2.457002457002457,0.0,0.0,0.0,0.0,0.0,4.914004914004914,9.828009828009828,76.16707616707617,24.570024570024568,9.828009828009828,85.995085995086,0.46384039900249374,4.211970074812967,0.0,2.457002457002457,0.0,0.0,9.828009828009828,0.0,4.914004914004914,9.828009828009828,0.0,2.457002457002457,0.0,27.027027027027028,0.0,4.914004914004914,12.285012285012284,0.0,0.0,2.457002457002457,7.371007371007371,0.0,19.656019656019655,9.828009828009828,12.285012285012284
68006,92.23300970873787,4.854368932038835,2.4271844660194173,9.70873786407767,2.4271844660194173,14.563106796116505,0.0,63.10679611650485,2.4271844660194173,0.0,7.281553398058253,0.0,9.70873786407767,4.854368932038835,0.0,233.0097087378641,4.854368932038835,0.0,2.4271844660194173,0.0,0.0,2.4271844660194173,0.0,19.41747572815534,2.4271844660194173,0.0,0.0,2.4271844660194173,2.4271844660194173,0.0,7.281553398058253,0.0,0.0,0.0,0.0,0.0,0.0,12.135922330097086,101.94174757281553,53.398058252427184,4.854368932038835,55.8252427184466,0.4938875305623472,4.640586797066015,0.0,2.4271844660194173,0.0,0.0,2.4271844660194173,0.0,2.4271844660194173,2.4271844660194173,0.0,2.4271844660194173,2.4271844660194173,24.271844660194173,0.0,4.854368932038835,0.0,0.0,0.0,0.0,2.4271844660194173,14.563106796116505,7.281553398058253,0.0,4.854368932038835
78646,99.03381642512076,9.66183574879227,0.0,2.4154589371980677,2.4154589371980677,0.0,0.0,12.077294685990339,48.309178743961354,2.4154589371980677,2.4154589371980677,0.0,4.830917874396135,28.985507246376812,4.830917874396135,234.29951690821258,4.830917874396135,2.4154589371980677,21.73913043478261,0.0,0.0,2.4154589371980677,0.0,31.40096618357488,12.077294685990339,0.0,0.0,0.0,2.4154589371980677,0.0,0.0,0.0,0.0,2.4154589371980677,0.0,0.0,4.830917874396135,14.492753623188406,67.6328502415459,72.46376811594203,4.830917874396135,57.971014492753625,0.5724815724815725,5.1547911547911545,0.0,0.0,0.0,2.4154589371980677,12.077294685990339,0.0,0.0,0.0,0.0,4.830917874396135,2.4154589371980677,14.492753623188406,0.0,0.0,2.4154589371980677,0.0,0.0,0.0,2.4154589371980677,16.908212560386474,12.077294685990339,0.0,2.4154589371980677
79550,104.21836228287842,12.40694789081886,7.444168734491315,7.444168734491315,0.0,86.848635235732,9.925558312655086,14.88833746898263,9.925558312655086,0.0,9.925558312655086,0.0,12.40694789081886,9.925558312655086,2.4813895781637716,230.76923076923077,0.0,2.4813895781637716,14.88833746898263,0.0,2.4813895781637716,0.0,0.0,9.925558312655086,9.925558312655086,0.0,0.0,4.962779156327543,9.925558312655086,0.0,0.0,0.0,0.0,2.4813895781637716,0.0,0.0,2.4813895781637716,7.444168734491315,121.58808933002481,39.702233250620345,4.962779156327543,32.25806451612903,0.5461346633416458,4.164588528678304,0.0,2.4813895781637716,0.0,0.0,0.0,0.0,0.0,0.0,0.0,2.4813895781637716,7.444168734491315,22.332506203473944,0.0,9.925558312655086,4.962779156327543,0.0,2.4813895781637716,0.0,0.0,2.4813895781637716,9.925558312655086,0.0,0.0
79677,85.71428571428571,0.0,0.0,2.3809523809523814,0.0,0.0,0.0,52.38095238095238,16.666666666666668,0.0,2.3809523809523814,0.0,23.809523809523807,11.904761904761903,2.3809523809523814,252.38095238095238,4.761904761904763,0.0,38.0952380952381,0.0,2.3809523809523814,0.0,0.0,9.523809523809526,4.761904761904763,2.3809523809523814,2.3809523809523814,2.3809523809523814,9.523809523809526,0.0,2.3809523809523814,0.0,0.0,0.0,0.0,0.0,0.0,9.523809523809526,133.33333333333334,54.76190476190476,16.666666666666668,45.238095238095234,0.5393794749403341,4.599045346062052,2.3809523809523814,2.3809523809523814,0.0,2.3809523809523814,4.761904761904763,0.0,4.761904761904763,2.3809523809523814,0.0,11.904761904761903,0.0,11.904761904761903,0.0,0.0,0.0,0.0,0.0,0.0,2.3809523809523814,14.285714285714285,16.666666666666668,0.0,2.3809523809523814
80149,93.75,38.46153846153847,0.0,7.211538461538462,4.807692307692308,117.78846153846153,0.0,0.0,21.634615384615383,0.0,9.615384615384617,2.403846153846154,19.230769230769234,16.826923076923077,2.403846153846154,146.6346153846154,7.211538461538462,0.0,16.826923076923077,2.403846153846154,4.807692307692308,0.0,0.0,33.65384615384615,14.423076923076923,0.0,2.403846153846154,0.0,12.01923076923077,0.0,4.807692307692308,0.0,0.0,0.0,0.0,0.0,2.403846153846154,2.403846153846154,96.15384615384616,36.05769230769231,0.0,40.86538461538461,0.4795180722891566,4.12289156626506,0.0,0.0,0.0,0.0,2.403846153846154,0.0,4.807692307692308,7.211538461538462,0.0,12.01923076923077,7.211538461538462,26.442307692307693,0.0,0.0,2.403846153846154,0.0,0.0,0.0,0.0,2.403846153846154,12.01923076923077,0.0,12.01923076923077
80664,101.99004975124377,39.80099502487562,0.0,4.975124378109452,0.0,0.0,0.0,54.72636815920398,17.412935323383085,2.487562189054726,0.0,0.0,34.82587064676617,2.487562189054726,2.487562189054726,233.83084577114428,14.925373134328359,0.0,29.850746268656717,2.487562189054726,0.0,0.0,0.0,17.412935323383085,7.462686567164179,0.0,2.487562189054726,0.0,17.412935323383085,0.0,4.975124378109452,0.0,0.0,0.0,0.0,0.0,0.0,9.950248756218905,92.03980099502488,37.31343283582089,2.487562189054726,54.72636815920398,0.4798994974874372,4.173366834170854,0.0,0.0,0.0,0.0,2.487562189054726,0.0,4.975124378109452,4.975124378109452,0.0,2.487562189054726,2.487562189054726,17.412935323383085,0.0,0.0,2.487562189054726,0.0,0.0,0.0,4.975124378109452,14.925373134328359,19.90049751243781,0.0,4.975124378109452
80754,95.1219512195122,14.634146341463415,29.26829268292683,0.0,2.4390243902439024,24.390243902439025,17.073170731707318,75.60975609756098,2.4390243902439024,0.0,12.195121951219512,0.0,14.634146341463415,21.95121951219512,2.4390243902439024,226.82926829268294,0.0,0.0,21.95121951219512,2.4390243902439024,0.0,0.0,0.0,14.634146341463415,12.195121951219512,2.4390243902439024,0.0,0.0,2.4390243902439024,0.0,7.317073170731708,0.0,0.0,0.0,0.0,0.0,2.4390243902439024,12.195121951219512,82.92682926829269,46.34146341463415,12.195121951219512,34.146341463414636,0.5521628498727735,4.587786259541985,0.0,0.0,0.0,0.0,2.4390243902439024,0.0,4.878048780487805,12.195121951219512,4.878048780487805,0.0,14.634146341463415,29.26829268292683,4.878048780487805,2.4390243902439024,21.95121951219512,2.4390243902439024,0.0,0.0,4.878048780487805,12.195121951219512,19.51219512195122,0.0,4.878048780487805
8078,102.94117647058823,17.156862745098042,7.352941176470588,0.0,2.450980392156863,0.0,4.901960784313726,88.23529411764706,14.705882352941176,0.0,7.352941176470588,2.450980392156863,22.058823529411764,4.901960784313726,0.0,210.7843137254902,9.803921568627452,0.0,34.313725490196084,2.450980392156863,2.450980392156863,0.0,0.0,29.41176470588235,4.901960784313726,2.450980392156863,0.0,0.0,12.254901960784313,0.0,4.901960784313726,0.0,0.0,0.0,0.0,0.0,0.0,12.254901960784313,71.07843137254902,41.666666666666664,9.803921568627452,44.11764705882353,0.5203045685279187,4.284263959390863,4.901960784313726,2.450980392156863,2.450980392156863,0.0,4.901960784313726,0.0,0.0,2.450980392156863,0.0,22.058823529411764,22.058823529411764,34.313725490196084,2.450980392156863,0.0,17.156862745098042,0.0,0.0,0.0,4.901960784313726,4.901960784313726,14.705882352941176,0.0,12.254901960784313
87515,111.66253101736973,39.702233250620345,0.0,4.962779156327543,12.40694789081886,126.55086848635236,9.925558312655086,32.25806451612903,2.4813895781637716,0.0,0.0,2.4813895781637716,27.29528535980149,7.444168734491315,0.0,193.54838709677418,9.925558312655086,0.0,17.3697270471464,0.0,2.4813895781637716,2.4813895781637716,0.0,9.925558312655086,2.4813895781637716,0.0,0.0,0.0,14.88833746898263,0.0,2.4813895781637716,0.0,0.0,0.0,0.0,0.0,0.0,2.4813895781637716,86.848635235732,34.7394540942928,4.962779156327543,44.66501240694789,0.47,4.0725,0.0,12.40694789081886,0.0,0.0,4.962779156327543,0.0,2.4813895781637716,7.444168734491315,0.0,14.88833746898263,4.962779156327543,17.3697270471464,2.4813895781637716,0.0,2.4813895781637716,4.962779156327543,0.0,0.0,9.925558312655086,7.444168734491315,24.81389578163772,0.0,2.4813895781637716
89770,104.4776119402985,4.975124378109452,7.462686567164179,12.437810945273633,0.0,7.462686567164179,0.0,67.16417910447761,7.462686567164179,0.0,7.462686567164179,2.487562189054726,14.925373134328359,14.925373134328359,7.462686567164179,223.88059701492537,14.925373134328359,0.0,27.36318407960199,2.487562189054726,4.975124378109452,0.0,2.487562189054726,14.925373134328359,2.487562189054726,0.0,2.487562189054726,0.0,4.975124378109452,0.0,0.0,0.0,0.0,0.0,0.0,0.0,0.0,17.412935323383085,104.4776119402985,54.72636815920398,2.487562189054726,57.21393034825871,0.55470737913486,4.806615776081425,0.0,2.487562189054726,0.0,0.0,9.950248756218905,0.0,0.0,2.487562189054726,0.0,4.975124378109452,4.975124378109452,19.90049751243781,4.975124378109452,0.0,4.975124378109452,0.0,0.0,0.0,0.0,2.487562189054726,9.950248756218905,0.0,2.487562189054726
90736,0.0,2.493765586034913,119.7007481296758,2.493765586034913,0.0,14.962593516209475,22.443890274314214,62.34413965087282,22.443890274314214,2.493765586034913,4.987531172069826,0.0,39.900249376558605,7.481296758104738,0.0,192.01995012468828,2.493765586034913,0.0,69.82543640897755,0.0,0.0,0.0,0.0,12.468827930174564,0.0,0.0,0.0,0.0,32.418952618453865,2.493765586034913,0.0,0.0,0.0,0.0,0.0,0.0,2.493765586034913,2.493765586034913,99.75062344139651,59.8503740648379,12.468827930174564,32.418952618453865,0.4793814432989691,3.9922680412371134,0.0,0.0,7.481296758104738,0.0,9.975062344139651,0.0,0.0,12.468827930174564,0.0,0.0,4.987531172069826,32.418952618453865,2.493765586034913,2.493765586034913,29.92518703241895,0.0,0.0,0.0,0.0,24.93765586034913,19.950124688279303,0.0,2.493765586034913
91060,64.67661691542288,17.412935323383085,54.72636815920398,7.462686567164179,2.487562189054726,89.55223880597015,22.388059701492537,32.33830845771144,2.487562189054726,2.487562189054726,2.487562189054726,4.975124378109452,22.388059701492537,7.462686567164179,2.487562189054726,199.00497512437812,7.462686567164179,0.0,29.850746268656717,0.0,0.0,0.0,0.0,14.925373134328359,2.487562189054726,2.487562189054726,4.975124378109452,0.0,0.0,0.0,7.462686567164179,0.0,0.0,0.0,0.0,0.0,0.0,2.487562189054726,97.01492537313433,39.80099502487562,9.950248756218905,59.701492537313435,0.5421994884910486,4.038363171355499,0.0,2.487562189054726,0.0,0.0,4.975124378109452,0.0,2.487562189054726,0.0,4.975124378109452,4.975124378109452,7.462686567164179,24.875621890547265,2.487562189054726,0.0,22.388059701492537,0.0,0.0,0.0,7.462686567164179,7.462686567164179,7.462686567164179,0.0,9.950248756218905
96391,71.96029776674938,9.925558312655086,22.332506203473944,2.4813895781637716,4.962779156327543,54.59057071960298,22.332506203473944,37.220843672456574,4.962779156327543,4.962779156327543,0.0,0.0,4.962779156327543,7.444168734491315,0.0,198.51116625310175,4.962779156327543,0.0,27.29528535980149,0.0,0.0,0.0,0.0,19.851116625310173,9.925558312655086,2.4813895781637716,2.4813895781637716,0.0,0.0,0.0,0.0,0.0,0.0,0.0,0.0,0.0,0.0,2.4813895781637716,81.88585607940446,62.03473945409429,4.962779156327543,59.55334987593052,0.5468354430379747,4.10379746835443,0.0,0.0,0.0,2.4813895781637716,17.3697270471464,4.962779156327543,2.4813895781637716,2.4813895781637716,0.0,4.962779156327543,4.962779156327543,24.81389578163772,0.0,0.0,17.3697270471464,0.0,0.0,0.0,2.4813895781637716,9.925558312655086,17.3697270471464,4.962779156327543,9.925558312655086
96499,122.19451371571071,7.481296758104738,4.987531172069826,4.987531172069826,0.0,0.0,4.987531172069826,109.72568578553616,29.92518703241895,2.493765586034913,0.0,0.0,7.481296758104738,9.975062344139651,4.987531172069826,209.47630922693267,0.0,0.0,37.406483790523694,4.987531172069826,2.493765586034913,0.0,0.0,19.950124688279303,7.481296758104738,0.0,0.0,0.0,4.987531172069826,0.0,0.0,0.0,0.0,0.0,2.493765586034913,0.0,2.493765586034913,9.975062344139651,94.76309226932668,39.900249376558605,14.962593516209475,39.900249376558605,0.4223918575063613,4.139949109414759,0.0,0.0,0.0,0.0,4.987531172069826,0.0,0.0,2.493765586034913,0.0,9.975062344139651,2.493765586034913,34.912718204488776,0.0,2.493765586034913,7.481296758104738,0.0,0.0,0.0,4.987531172069826,9.975062344139651,27.43142144638404,2.493765586034913,4.987531172069826
98911,81.88585607940446,17.3697270471464,14.88833746898263,12.40694789081886,2.4813895781637716,101.73697270471465,2.4813895781637716,32.25806451612903,12.40694789081886,2.4813895781637716,0.0,0.0,7.444168734491315,39.702233250620345,0.0,186.1042183622829,0.0,0.0,24.81389578163772,0.0,4.962779156327543,2.4813895781637716,0.0,12.40694789081886,4.962779156327543,2.4813895781637716,0.0,0.0,0.0,2.4813895781637716,0.0,0.0,0.0,0.0,2.4813895781637716,0.0,4.962779156327543,9.925558312655086,121.58808933002481,27.29528535980149,14.88833746898263,62.03473945409429,0.48370927318295737,4.102756892230577,0.0,2.4813895781637716,2.4813895781637716,2.4813895781637716,7.444168734491315,0.0,2.4813895781637716,4.962779156327543,0.0,4.962779156327543,7.444168734491315,27.29528535980149,7.444168734491315,0.0,7.444168734491315,0.0,0.0,0.0,7.444168734491315,4.962779156327543,9.925558312655086,4.962779156327543,4.962779156327543
